V1
7
200
447
631
467
-58
-317
-128
-53
-162
-150
-104
-130
-133
-113
-113
-111
-99
-96
-92
-87
-87
-84
-89
-87
-79
-72
-70
-62
-58
-50
-46
-43
-41
-41
-46
-43
-43
-48
-50
-43
-31
-24
-21
-21
-29
-36
-43
-48
-55
-58
-58
-58
-58
-53
-53
-50
-48
-48
-46
-43
-43
-43
-46
-48
-48
-53
-60
-60
-65
-70
-65
-67
-72
-75
-75
-75
-67
-67
-75
-75
-72
-72
-72
-77
-94
-108
-101
-101
-116
-113
-106
-108
-111
-106
-104
-99
-96
-99
-106
-104
-96
-94
-92
-92
-99
-99
-94
-94
-99
-104
-106
-99
-92
-99
-101
-101
-104
-99
-75
-48
-41
-55
-84
-94
-84
-82
-84
-82
-82
-89
-96
-99
-94
-92
-99
-108
-46
145
389
549
414
-77
-397
-220
-62
-157
-176
-123
-140
-150
-128
-125
-135
-138
-147
-152
-140
-130
-125
-123
-116
-111
-104
-96
-92
-82
-75
-72
-70
-62
-60
-53
-55
-62
-62
-60
-65
-58
-38
-33
-43
-48
-50
-60
-72
-79
-82
-77
-75
-75
-72
-70
-67
-67
-70
-70
-65
-62
-65
-67
-67
-67
-70
-70
-70
-75
-82
-84
-82
-77
-77
-82
-87
-84
-79
-77
-79
-84
-87
-94
-99
-94
-89
-101
-116
-113
-111
-118
-121
-113
-113
-116
-111
-106
-104
-101
-101
-101
-101
-96
-92
-92
-96
-96
-94
-94
-94
-101
-106
-108
-113
-104
-82
-67
-58
-65
-94
-104
-101
-111
-116
-106
-106
-108
-108
-111
-113
-111
-118
-123
-38
174
409
530
334
-174
-423
-203
-84
-188
-179
-133
-164
-171
-150
-159
-162
-147
-142
-140
-138
-135
-128
-121
-118
-113
-106
-96
-89
-89
-96
-94
-87
-79
-77
-75
-75
-82
-89
-84
-75
-70
-65
-60
-62
-67
-75
-87
-89
-89
-99
-106
-101
-99
-94
-89
-92
-87
-84
-84
-82
-77
-79
-79
-75
-77
-82
-87
-89
-89
-89
-92
-92
-92
-94
-96
-96
-94
-94
-96
-106
-116
-108
-104
-111
-116
-108
-106
-104
-101
-99
-99
-101
-101
-99
-101
-101
-101
-101
-108
-121
-121
-113
-113
-113
-111
-108
-108
-106
-106
-104
-101
-101
-108
-111
-118
-125
-118
-101
-82
-70
-82
-108
-116
-108
-111
-113
-113
-118
-118
-113
-116
-121
-118
-123
-133
-75
99
341
556
489
-2
-365
-222
-82
-186
-217
-169
-186
-198
-174
-171
-176
-162
-152
-152
-145
-142
-140
-133
-123
-116
-108
-104
-101
-94
-84
-79
-75
-70
-70
-67
-65
-67
-72
-77
-89
-87
-72
-65
-67
-79
-89
-92
-99
-104
-104
-104
-108
-108
-101
-96
-94
-89
-89
-87
-84
-79
-77
-77
-79
-79
-82
-82
-82
-84
-87
-89
-87
-84
-87
-99
-108
-113
-111
-108
-108
-106
-101
-101
-101
-104
-104
-101
-101
-101
-96
-99
-99
-94
-94
-96
-99
-101
-99
-101
-104
-99
-96
-101
-99
-99
-101
-101
-104
-106
-104
-101
-101
-104
-101
-106
-123
-140
-140
-135
-123
-99
-79
-79
-99
-118
-121
-118
-123
-123
-118
-123
-125
-128
-128
-128
-130
-142
-138
-36
162
394
532
300
-217
-387
-169
-133
-234
-203
-169
-198
-191
-167
-176
-174
-159
-152
-145
-138
-135
-133
-125
-113
-106
-104
-99
-92
-87
-79
-72
-67
-70
-72
-67
-65
-67
-72
-70
-60
-50
-41
-36
-41
-53
-70
-89
-99
-99
-96
-99
-101
-101
-99
-94
-89
-89
-82
-77
-84
-82
-75
-77
-82
-82
-89
-101
-108
-106
-106
-108
-108
-108
-111
-106
-101
-104
-108
-106
-101
-99
-99
-99
-99
-96
-96
-94
-94
-92
-92
-94
-94
-89
-87
-94
-96
-94
-99
-101
-94
-94
-99
-99
-94
-94
-89
-89
-89
-87
-87
-94
-101
-99
-94
-99
-106
-99
-75
-58
-65
-89
-106
-116
-128
-125
-118
-123
-123
-118
-125
-133
-130
-138
-152
-125
26
273
467
426
21
-421
-380
-123
-142
-217
-167
-154
-179
-164
-150
-157
-147
-130
-135
-138
-128
-121
-116
-106
-101
-101
-94
-87
-89
-84
-72
-70
-65
-58
-55
-58
-60
-67
-77
-72
-60
-55
-53
-50
-58
-65
-72
-84
-92
-89
-92
-96
-94
-87
-87
-84
-77
-75
-82
-82
-75
-79
-92
-108
-118
-113
-113
-118
-118
-116
-118
-118
-118
-116
-116
-116
-116
-121
-118
-111
-111
-111
-111
-113
-113
-108
-104
-106
-104
-104
-108
-111
-108
-111
-113
-113
-111
-108
-108
-104
-106
-113
-111
-104
-104
-99
-96
-104
-106
-101
-99
-101
-104
-108
-116
-118
-123
-108
-84
-70
-72
-94
-118
-116
-116
-123
-116
-118
-135
-140
-135
-138
-142
-152
-171
-150
-19
205
440
515
193
-314
-389
-152
-152
-244
-196
-176
-205
-191
-171
-179
-179
-169
-164
-164
-159
-152
-145
-142
-138
-128
-121
-118
-113
-104
-99
-96
-89
-84
-82
-82
-87
-89
-89
-87
-79
-70
-67
-72
-72
-77
-87
-96
-104
-113
-118
-116
-113
-113
-113
-111
-111
-116
-116
-108
-104
-111
-111
-101
-101
-106
-111
-128
-135
-128
-123
-125
-128
-133
-133
-128
-125
-128
-125
-125
-125
-123
-130
-130
-125
-128
-130
-125
-123
-123
-121
-121
-123
-128
-128
-123
-121
-118
-121
-121
-118
-116
-118
-118
-116
-113
-113
-111
-113
-111
-108
-108
-108
-113
-125
-130
-130
-130
-135
-138
-138
-138
-125
-108
-96
-92
-113
-135
-133
-125
-130
-133
-130
-133
-133
-130
-133
-138
-138
-147
-133
-16
200
450
554
239
-280
-370
-154
-167
-259
-213
-193
-217
-203
-186
-191
-186
-174
-169
-162
-154
-152
-150
-140
-130
-128
-125
-116
-111
-106
-99
-94
-87
-84
-82
-79
-84
-92
-94
-92
-84
-77
-65
-62
-65
-75
-87
-101
-113
-118
-113
-116
-121
-118
-113
-111
-106
-101
-99
-99
-96
-94
-92
-92
-92
-92
-92
-92
-94
-101
-108
-111
-123
-130
-125
-123
-123
-121
-123
-121
-118
-118
-118
-111
-108
-111
-108
-104
-108
-108
-106
-111
-111
-106
-106
-106
-101
-104
-106
-104
-104
-106
-106
-108
-108
-106
-101
-104
-99
-96
-104
-108
-104
-113
-130
-125
-116
-123
-123
-116
-118
-121
-118
-121
-118
-94
-65
-58
-77
-101
-106
-99
-101
-113
-116
-111
-113
-116
-116
-116
-111
-116
-133
-75
118
360
535
423
-75
-423
-254
-94
-191
-215
-162
-179
-188
-162
-157
-162
-152
-142
-140
-133
-128
-130
-130
-123
-116
-106
-96
-92
-87
-84
-82
-72
-62
-60
-67
-77
-82
-84
-79
-75
-72
-62
-55
-55
-62
-70
-77
-84
-87
-92
-94
-94
-96
-99
-94
-94
-92
-87
-82
-77
-77
-84
-82
-79
-79
-84
-87
-87
-87
-89
-92
-92
-89
-101
-118
-118
-108
-106
-111
-111
-106
-106
-113
-121
-118
-113
-116
-121
-116
-111
-111
-108
-104
-108
-113
-108
-104
-101
-96
-101
-116
-118
-116
-118
-116
-113
-118
-118
-113
-111
-113
-113
-113
-116
-111
-108
-113
-118
-123
-123
-118
-101
-75
-60
-67
-94
-106
-96
-99
-101
-101
-104
-106
-99
-101
-111
-108
-111
-123
-84
79
317
498
450
19
-423
-348
-106
-154
-225
-169
-167
-186
-164
-154
-159
-152
-145
-147
-140
-128
-123
-118
-113
-111
-106
-108
-108
-99
-94
-92
-84
-77
-77
-75
-75
-75
-77
-82
-82
-77
-72
-67
-65
-67
-75
-79
-87
-96
-104
-104
-99
-94
-96
-94
-92
-92
-89
-84
-84
-82
-82
-84
-87
-89
-92
-94
-96
-101
-104
-104
-104
-106
-108
-113
-113
-113
-116
-118
-125
-142
-142
-133
-130
-130
-130
-133
-130
-125
-125
-123
-128
-142
-142
-130
-128
-130
-128
-130
-135
-135
-133
-133
-133
-130
-130
-135
-135
-133
-133
-130
-130
-130
-125
-118
-121
-128
-130
-130
-125
-108
-87
-72
-67
-87
-111
-108
-106
-111
-108
-111
-118
-116
-113
-116
-116
-113
-128
-130
-33
171
426
581
346
-186
-368
-154
-113
-217
-193
-164
-191
-186
-164
-167
-171
-176
-181
-184
-174
-164
-159
-154
-150
-142
-133
-128
-121
-113
-108
-111
-106
-96
-92
-89
-94
-96
-99
-99
-92
-82
-75
-75
-75
-82
-84
-89
-101
-111
-108
-106
-108
-104
-104
-106
-104
-99
-94
-94
-96
-96
-96
-99
-101
-99
-96
-104
-108
-106
-104
-104
-106
-108
-108
-106
-106
-106
-106
-106
-113
-113
-111
-111
-118
-125
-133
-142
-145
-135
-133
-133
-128
-128
-133
-133
-130
-128
-125
-128
-130
-130
-133
-133
-130
-130
-130
-130
-128
-128
-123
-123
-121
-118
-118
-121
-118
-116
-116
-118
-118
-121
-123
-108
-84
-67
-60
-77
-104
-106
-99
-106
-111
-108
-108
-108
-108
-108
-113
-116
-121
-125
-55
133
377
566
438
-65
-360
-193
-96
-205
-203
-150
-174
-181
-162
-162
-164
-157
-150
-145
-147
-159
-154
-133
-123
-125
-121
-116
-111
-101
-94
-89
-82
-77
-72
-70
-67
-70
-77
-79
-75
-62
-48
-41
-48
-53
-58
-65
-72
-84
-92
-89
-89
-89
-84
-84
-84
-82
-79
-77
-72
-72
-75
-75
-75
-77
-79
-75
-72
-77
-79
-84
-89
-94
-101
-101
-92
-94
-106
-101
-94
-104
-111
-106
-108
-113
-104
-101
-106
-106
-111
-121
-121
-116
-116
-116
-111
-116
-113
-101
-99
-106
-111
-111
-111
-113
-113
-113
-116
-116
-113
-111
-113
-118
-121
-116
-121
-121
-104
-75
-55
-65
-94
-108
-99
-99
-106
-101
-96
-104
-106
-101
-104
-106
-108
-121
-79
89
329
491
411
-26
-440
-336
-94
-150
-222
-167
-164
-184
-159
-150
-154
-152
-147
-142
-128
-123
-125
-123
-125
-125
-116
-108
-108
-106
-96
-89
-79
-77
-77
-72
-70
-75
-79
-84
-84
-82
-82
-77
-70
-70
-79
-94
-101
-99
-96
-96
-101
-101
-99
-96
-92
-84
-82
-79
-82
-82
-82
-87
-89
-89
-89
-89
-94
-101
-111
-116
-116
-118
-118
-118
-121
-123
-121
-118
-116
-116
-118
-121
-121
-118
-118
-116
-116
-118
-118
-116
-111
-113
-118
-116
-111
-111
-113
-111
-118
-135
-135
-123
-123
-130
-135
-140
-145
-147
-145
-145
-145
-138
-113
-89
-84
-104
-125
-128
-125
-128
-125
-121
-123
-130
-133
-133
-133
-133
-138
-135
-36
181
421
537
290
-244
-438
-205
-135
-237
-210
-174
-208
-200
-176
-181
-181
-164
-157
-157
-150
-142
-138
-133
-130
-123
-116
-106
-101
-101
-94
-84
-84
-82
-75
-72
-79
-89
-99
-96
-89
-84
-77
-70
-79
-99
-106
-111
-121
-123
-121
-121
-123
-121
-116
-111
-106
-104
-101
-101
-96
-92
-92
-94
-99
-101
-101
-101
-101
-106
-116
-123
-118
-116
-113
-113
-116
-121
-121
-113
-111
-111
-111
-111
-108
-108
-108
-106
-104
-106
-108
-104
-104
-106
-111
-116
-116
-111
-111
-111
-106
-111
-121
-118
-106
-106
-111
-108
-113
-121
-121
-118
-111
-96
-84
-87
-99
-121
-133
-130
-133
-140
-135
-133
-135
-140
-140
-138
-138
-142
-152
-99
79
324
547
479
-24
-401
-261
-121
-225
-244
-186
-205
-215
-188
-184
-186
-176
-169
-164
-154
-150
-150
-145
-133
-128
-125
-116
-111
-106
-101
-94
-89
-87
-87
-89
-94
-94
-94
-92
-89
-84
-72
-67
-65
-67
-75
-84
-94
-99
-99
-101
-99
-99
-104
-99
-92
-89
-92
-99
-111
-113
-106
-99
-96
-101
-104
-106
-108
-108
-111
-125
-133
-128
-123
-123
-121
-118
-118
-121
-118
-111
-108
-106
-111
-111
-108
-101
-94
-101
-104
-99
-96
-96
-94
-96
-96
-94
-94
-96
-96
-94
-96
-99
-101
-101
-99
-101
-106
-106
-111
-113
-96
-70
-50
-46
-62
-89
-96
-92
-94
-89
-92
-101
-108
-108
-111
-121
-125
-140
-154
-70
147
382
506
285
-225
-428
-205
-128
-230
-213
-176
-198
-193
-174
-176
-176
-164
-154
-147
-142
-138
-128
-123
-121
-113
-108
-101
-87
-82
-87
-87
-82
-79
-77
-72
-72
-82
-82
-72
-67
-60
-53
-50
-58
-60
-65
-75
-79
-84
-94
-94
-89
-82
-75
-84
-87
-77
-72
-75
-70
-70
-75
-75
-79
-84
-84
-94
-111
-118
-118
-123
-123
-123
-121
-116
-113
-121
-121
-116
-113
-116
-108
-101
-106
-108
-106
-101
-101
-101
-99
-99
-99
-96
-96
-96
-101
-108
-104
-94
-96
-101
-99
-99
-99
-99
-104
-104
-101
-101
-92
-65
-53
-67
-87
-96
-96
-96
-96
-96
-99
-99
-101
-106
-104
-104
-113
-121
-72
104
346
493
360
-111
-474
-322
-113
-191
-232
-174
-184
-198
-171
-164
-184
-196
-181
-164
-162
-157
-150
-147
-145
-135
-128
-121
-108
-101
-104
-101
-94
-89
-84
-84
-92
-94
-89
-89
-89
-87
-84
-75
-70
-79
-89
-92
-101
-111
-106
-99
-101
-101
-96
-94
-92
-87
-89
-94
-87
-82
-84
-87
-89
-96
-101
-104
-111
-108
-106
-111
-111
-113
-121
-121
-118
-123
-123
-118
-116
-118
-121
-118
-111
-108
-113
-116
-111
-108
-108
-108
-113
-128
-128
-123
-128
-133
-128
-125
-125
-125
-123
-118
-118
-125
-130
-125
-121
-111
-89
-72
-70
-82
-106
-111
-104
-108
-116
-113
-113
-118
-121
-118
-118
-123
-128
-125
-55
142
389
542
375
-135
-426
-234
-123
-237
-237
-188
-220
-225
-196
-198
-200
-186
-179
-174
-167
-167
-167
-157
-145
-138
-133
-130
-125
-116
-106
-104
-106
-106
-108
-116
-116
-111
-116
-118
-111
-99
-96
-89
-89
-96
-99
-108
-121
-121
-118
-123
-123
-118
-113
-113
-111
-106
-101
-101
-99
-94
-94
-99
-104
-104
-104
-104
-106
-111
-113
-111
-108
-111
-113
-113
-118
-125
-125
-118
-121
-121
-118
-116
-111
-111
-113
-111
-108
-108
-108
-104
-104
-104
-101
-101
-104
-106
-108
-113
-108
-104
-101
-99
-101
-106
-104
-101
-101
-104
-113
-130
-130
-106
-79
-62
-62
-92
-113
-106
-104
-111
-111
-113
-118
-116
-116
-118
-121
-128
-145
-133
-21
198
467
600
302
-237
-363
-150
-147
-246
-210
-196
-227
-210
-191
-198
-193
-179
-174
-171
-164
-159
-152
-147
-140
-133
-128
-125
-123
-121
-116
-106
-101
-101
-94
-92
-92
-96
-94
-92
-84
-70
-65
-67
-67
-70
-79
-89
-104
-121
-121
-113
-116
-116
-111
-111
-108
-101
-101
-99
-99
-101
-101
-101
-99
-94
-94
-96
-99
-99
-101
-101
-99
-99
-99
-99
-101
-111
-116
-113
-113
-116
-111
-108
-108
-104
-104
-108
-106
-101
-101
-99
-101
-111
-108
-99
-94
-94
-96
-101
-99
-96
-96
-94
-94
-96
-94
-92
-89
-89
-89
-94
-99
-101
-99
-94
-84
-67
-60
-72
-92
-104
-106
-106
-113
-113
-111
-108
-113
-113
-108
-111
-116
-121
-108
-2
215
443
520
225
-276
-384
-147
-128
-232
-188
-159
-193
-184
-157
-164
-164
-150
-142
-140
-133
-133
-135
-123
-113
-111
-101
-89
-87
-82
-79
-79
-72
-62
-60
-60
-62
-65
-65
-65
-60
-50
-46
-46
-43
-50
-65
-77
-84
-87
-84
-92
-92
-89
-94
-89
-82
-82
-84
-89
-99
-96
-87
-87
-94
-99
-94
-87
-92
-96
-96
-104
-106
-104
-111
-116
-111
-111
-121
-121
-111
-108
-108
-101
-101
-104
-108
-113
-108
-106
-111
-111
-101
-99
-99
-94
-101
-106
-96
-94
-96
-92
-89
-94
-96
-92
-87
-89
-99
-108
-108
-106
-92
-77
-70
-55
-58
-89
-104
-101
-104
-104
-101
-104
-108
-108
-106
-111
-116
-121
-128
-67
133
380
503
312
-196
-493
-285
-123
-227
-237
-176
-203
-217
-188
-181
-181
-174
-171
-174
-167
-157
-152
-150
-145
-133
-125
-121
-116
-108
-104
-96
-87
-79
-77
-77
-79
-82
-87
-87
-79
-70
-67
-67
-70
-72
-82
-89
-96
-104
-108
-111
-118
-111
-104
-106
-108
-99
-94
-92
-89
-92
-96
-94
-92
-96
-101
-101
-104
-108
-111
-108
-108
-113
-118
-125
-125
-118
-118
-123
-130
-140
-140
-135
-142
-142
-138
-138
-135
-130
-130
-130
-128
-125
-125
-125
-123
-118
-118
-116
-113
-113
-111
-111
-113
-113
-116
-116
-116
-121
-121
-118
-121
-111
-89
-79
-77
-89
-116
-121
-113
-116
-118
-113
-113
-121
-130
-133
-133
-135
-142
-140
-43
171
411
539
309
-215
-421
-200
-138
-249
-222
-179
-213
-208
-186
-193
-193
-179
-186
-196
-184
-171
-169
-159
-152
-147
-140
-133
-125
-113
-106
-108
-101
-89
-87
-87
-82
-87
-92
-89
-79
-70
-65
-67
-70
-75
-82
-94
-106
-113
-118
-118
-113
-108
-108
-104
-104
-101
-96
-94
-94
-92
-92
-92
-92
-92
-94
-96
-96
-99
-104
-101
-101
-108
-118
-121
-116
-113
-118
-121
-121
-118
-121
-118
-116
-116
-113
-116
-125
-135
-135
-128
-121
-118
-123
-123
-116
-116
-116
-113
-111
-111
-108
-108
-111
-111
-113
-113
-113
-113
-113
-121
-128
-130
-128
-108
-84
-67
-70
-92
-111
-108
-106
-108
-108
-111
-121
-130
-128
-130
-133
-133
-150
-138
-9
222
491
595
237
-292
-351
-142
-171
-256
-213
-203
-227
-208
-191
-196
-186
-176
-176
-171
-162
-154
-150
-150
-157
-157
-147
-135
-128
-123
-118
-113
-106
-104
-99
-96
-94
-96
-99
-89
-79
-77
-77
-75
-75
-82
-89
-94
-96
-104
-108
-106
-101
-104
-104
-104
-104
-99
-92
-92
-92
-89
-87
-87
-89
-89
-89
-89
-94
-96
-99
-108
-113
-113
-116
-121
-118
-113
-111
-111
-111
-108
-108
-108
-106
-104
-104
-101
-101
-101
-99
-96
-92
-87
-89
-94
-94
-92
-89
-94
-106
-116
-111
-101
-101
-104
-111
-118
-116
-108
-106
-104
-106
-113
-113
-106
-108
-111
-106
-94
-72
-53
-53
-72
-89
-92
-94
-101
-101
-99
-106
-116
-118
-113
-108
-111
-133
-133
-2
237
457
491
150
-331
-377
-142
-142
-227
-184
-164
-188
-171
-152
-164
-162
-147
-140
-133
-130
-128
-121
-111
-106
-104
-101
-87
-79
-82
-67
-58
-72
-72
-53
-55
-58
-55
-70
-89
-79
-60
-50
-50
-60
-67
-72
-79
-89
-94
-96
-96
-94
-94
-89
-82
-77
-79
-82
-77
-75
-72
-70
-72
-89
-104
-101
-87
-92
-104
-104
-99
-101
-99
-99
-101
-104
-104
-101
-94
-89
-89
-89
-96
-99
-92
-87
-87
-92
-94
-94
-92
-84
-77
-79
-84
-82
-87
-89
-92
-94
-92
-89
-94
-92
-87
-87
-96
-106
-108
-106
-104
-108
-113
-116
-111
-94
-75
-58
-60
-87
-106
-101
-106
-111
-106
-104
-108
-118
-123
-123
-130
-133
-135
-116
21
268
476
469
89
-387
-387
-125
-140
-227
-164
-145
-181
-169
-152
-154
-147
-138
-138
-140
-133
-123
-116
-108
-106
-108
-106
-99
-89
-82
-77
-75
-70
-65
-62
-62
-62
-70
-75
-77
-72
-62
-55
-58
-65
-72
-75
-79
-92
-111
-123
-116
-108
-106
-101
-101
-104
-104
-106
-99
-94
-104
-118
-116
-111
-116
-118
-118
-121
-123
-125
-123
-121
-121
-125
-128
-125
-121
-121
-118
-121
-121
-121
-118
-116
-113
-113
-113
-116
-116
-118
-118
-118
-116
-111
-113
-116
-118
-118
-113
-116
-118
-113
-111
-113
-113
-113
-116
-111
-111
-113
-111
-111
-113
-118
-121
-125
-125
-111
-104
-101
-101
-123
-145
-140
-138
-145
-150
-157
-154
-152
-157
-159
-150
-147
-164
-142
-2
230
472
532
164
-324
-348
-135
-169
-244
-191
-179
-203
-186
-174
-181
-176
-167
-162
-157
-152
-147
-140
-133
-125
-118
-113
-111
-106
-96
-84
-77
-79
-79
-75
-67
-70
-72
-75
-77
-72
-60
-50
-50
-53
-60
-70
-77
-84
-96
-99
-101
-116
-123
-113
-111
-118
-118
-113
-116
-113
-106
-106
-108
-101
-96
-96
-96
-94
-96
-99
-99
-99
-96
-96
-99
-99
-101
-99
-94
-99
-104
-104
-101
-101
-101
-99
-96
-94
-94
-96
-96
-96
-99
-101
-99
-101
-99
-94
-96
-96
-94
-99
-101
-99
-99
-96
-94
-94
-96
-96
-99
-101
-106
-111
-118
-128
-130
-123
-104
-77
-65
-87
-116
-123
-116
-118
-125
-135
-147
-147
-142
-145
-142
-140
-147
-159
-108
58
307
537
493
26
-368
-266
-113
-200
-234
-181
-191
-205
-184
-174
-176
-169
-159
-157
-152
-145
-140
-138
-130
-123
-118
-118
-111
-96
-89
-89
-82
-75
-77
-79
-77
-75
-75
-79
-82
-70
-58
-55
-53
-50
-60
-70
-77
-92
-104
-106
-106
-106
-104
-96
-92
-94
-94
-87
-87
-89
-84
-79
-87
-89
-87
-104
-121
-113
-108
-116
-121
-118
-118
-121
-118
-121
-121
-113
-108
-111
-111
-111
-108
-106
-101
-99
-101
-101
-99
-99
-96
-101
-104
-104
-104
-104
-101
-99
-96
-94
-94
-99
-104
-101
-96
-96
-99
-94
-89
-92
-99
-101
-106
-116
-123
-130
-130
-111
-87
-70
-77
-104
-116
-113
-116
-116
-106
-108
-118
-121
-113
-106
-116
-130
-138
-92
77
324
486
368
-96
-457
-312
-101
-171
-213
-154
-164
-176
-150
-140
-147
-145
-130
-128
-128
-123
-113
-108
-104
-99
-92
-89
-84
-72
-70
-75
-70
-60
-60
-67
-62
-58
-65
-75
-67
-60
-62
-58
-62
-72
-72
-77
-89
-94
-96
-101
-104
-94
-92
-92
-82
-70
-75
-82
-77
-72
-77
-84
-92
-92
-92
-92
-89
-92
-96
-94
-92
-99
-101
-101
-116
-130
-121
-111
-111
-108
-108
-116
-116
-108
-108
-108
-108
-113
-113
-108
-111
-111
-111
-116
-123
-116
-108
-108
-111
-113
-113
-111
-106
-104
-106
-108
-108
-116
-125
-128
-128
-135
-128
-111
-96
-79
-87
-118
-130
-121
-121
-128
-125
-123
-125
-133
-138
-135
-130
-135
-142
-65
145
387
520
343
-162
-450
-244
-101
-205
-213
-154
-179
-203
-188
-184
-181
-171
-164
-164
-159
-150
-140
-138
-133
-125
-125
-123
-116
-106
-96
-94
-94
-89
-84
-84
-84
-87
-94
-96
-94
-89
-84
-77
-77
-89
-96
-99
-101
-108
-113
-116
-118
-108
-101
-99
-94
-94
-99
-99
-94
-92
-92
-96
-104
-99
-96
-101
-104
-108
-111
-111
-111
-113
-116
-118
-118
-118
-118
-116
-113
-113
-118
-130
-130
-118
-118
-121
-118
-118
-121
-121
-116
-116
-118
-121
-123
-125
-121
-116
-116
-118
-121
-118
-116
-116
-116
-113
-118
-128
-128
-128
-130
-128
-128
-121
-99
-82
-82
-106
-128
-128
-128
-138
-142
-138
-135
-138
-140
-140
-140
-138
-147
-142
-31
191
443
561
280
-242
-372
-152
-135
-234
-196
-167
-198
-191
-171
-174
-167
-154
-154
-157
-154
-152
-142
-135
-135
-142
-145
-135
-125
-118
-111
-108
-108
-101
-92
-89
-94
-99
-101
-99
-99
-99
-89
-79
-82
-89
-92
-96
-104
-108
-116
-116
-113
-116
-113
-108
-111
-111
-104
-99
-96
-94
-94
-96
-99
-96
-94
-94
-99
-99
-101
-101
-99
-101
-106
-104
-104
-101
-101
-101
-99
-99
-99
-99
-104
-111
-108
-104
-104
-104
-101
-101
-104
-101
-99
-96
-94
-92
-92
-96
-99
-108
-118
-116
-111
-113
-121
-125
-121
-118
-118
-113
-111
-118
-123
-121
-121
-106
-77
-62
-67
-92
-113
-113
-113
-121
-116
-111
-116
-118
-116
-116
-116
-121
-138
-116
19
244
493
568
205
-288
-312
-101
-138
-215
-167
-159
-188
-176
-159
-164
-164
-154
-145
-138
-130
-125
-123
-123
-116
-104
-99
-96
-92
-89
-84
-79
-75
-70
-70
-77
-82
-82
-79
-79
-75
-72
-72
-67
-67
-77
-82
-84
-94
-101
-99
-96
-94
-96
-99
-92
-82
-82
-82
-77
-77
-79
-77
-75
-79
-79
-75
-77
-82
-84
-84
-84
-84
-84
-87
-92
-89
-92
-99
-96
-89
-92
-94
-87
-82
-82
-87
-92
-87
-82
-82
-82
-84
-84
-77
-72
-75
-75
-72
-77
-89
-99
-96
-92
-94
-96
-89
-87
-94
-94
-96
-113
-130
-121
-108
-101
-82
-60
-65
-92
-106
-104
-104
-113
-116
-111
-108
-118
-121
-121
-121
-123
-130
-87
94
341
493
387
-62
-450
-324
-94
-157
-210
-154
-157
-174
-154
-145
-150
-142
-138
-135
-128
-123
-123
-118
-111
-101
-94
-94
-89
-79
-72
-70
-67
-72
-75
-70
-70
-79
-82
-84
-89
-87
-77
-65
-65
-72
-79
-92
-113
-123
-116
-118
-121
-111
-108
-108
-101
-92
-92
-89
-84
-82
-79
-79
-84
-84
-84
-89
-94
-96
-96
-94
-99
-104
-101
-101
-101
-99
-94
-94
-94
-96
-96
-94
-89
-87
-89
-94
-92
-89
-87
-84
-84
-89
-87
-84
-84
-87
-92
-99
-101
-101
-99
-96
-106
-111
-106
-104
-104
-101
-106
-113
-116
-111
-99
-79
-58
-58
-92
-116
-113
-116
-118
-121
-130
-133
-128
-130
-133
-130
-133
-140
-135
-33
186
418
513
268
-244
-433
-193
-116
-222
-205
-164
-188
-186
-164
-164
-167
-154
-150
-147
-142
-135
-128
-123
-118
-113
-108
-104
-94
-89
-92
-94
-89
-84
-82
-84
-84
-87
-94
-92
-82
-77
-72
-67
-67
-67
-72
-84
-92
-96
-101
-101
-99
-96
-94
-92
-92
-87
-82
-79
-87
-99
-106
-101
-96
-99
-101
-106
-111
-111
-111
-111
-108
-111
-116
-111
-108
-108
-106
-104
-106
-108
-104
-101
-104
-101
-101
-101
-99
-96
-96
-96
-99
-99
-99
-96
-101
-111
-111
-111
-113
-111
-111
-111
-111
-111
-111
-111
-106
-106
-106
-104
-106
-111
-111
-106
-108
-106
-82
-58
-48
-65
-94
-106
-104
-111
-113
-113
-113
-113
-116
-123
-125
-123
-130
-140
-82
87
331
559
460
-53
-387
-242
-138
-237
-239
-191
-210
-215
-191
-186
-188
-176
-171
-164
-157
-152
-147
-138
-128
-128
-133
-135
-125
-118
-111
-104
-99
-99
-96
-92
-87
-89
-92
-92
-87
-77
-65
-58
-55
-58
-67
-72
-75
-79
-82
-84
-87
-87
-84
-82
-79
-75
-79
-87
-84
-77
-75
-77
-82
-84
-82
-82
-79
-82
-94
-111
-111
-104
-104
-104
-104
-104
-106
-104
-101
-104
-101
-99
-101
-99
-94
-92
-92
-92
-94
-104
-108
-106
-106
-104
-101
-99
-94
-94
-96
-99
-99
-104
-104
-101
-96
-92
-92
-96
-94
-89
-94
-94
-87
-89
-96
-96
-94
-96
-84
-65
-53
-53
-79
-104
-106
-104
-106
-108
-111
-113
-108
-104
-111
-116
-111
-116
-116
-19
198
433
535
283
-220
-380
-154
-113
-227
-196
-152
-181
-176
-154
-162
-167
-164
-167
-159
-154
-152
-142
-130
-121
-118
-111
-101
-96
-92
-84
-77
-75
-72
-67
-62
-65
-70
-70
-70
-67
-53
-38
-41
-43
-43
-53
-65
-67
-75
-89
-89
-89
-92
-84
-79
-79
-70
-67
-67
-65
-70
-75
-67
-70
-77
-77
-79
-89
-87
-72
-70
-82
-84
-87
-87
-82
-92
-108
-111
-104
-106
-108
-113
-123
-116
-111
-121
-116
-101
-104
-108
-106
-106
-106
-111
-111
-101
-99
-111
-111
-96
-94
-104
-106
-99
-99
-99
-101
-101
-99
-99
-101
-108
-116
-118
-116
-108
-94
-77
-67
-84
-111
-113
-111
-116
-111
-106
-116
-123
-118
-111
-118
-121
-125
-111
14
263
472
462
92
-387
-411
-135
-118
-213
-167
-154
-205
-200
-176
-184
-184
-171
-167
-164
-154
-150
-142
-133
-128
-123
-113
-106
-101
-99
-92
-87
-84
-77
-72
-77
-82
-82
-84
-82
-82
-84
-79
-67
-70
-82
-84
-82
-89
-99
-101
-94
-87
-89
-92
-89
-84
-84
-82
-82
-77
-75
-82
-84
-84
-92
-94
-89
-92
-101
-101
-101
-106
-113
-111
-104
-108
-113
-116
-118
-121
-118
-118
-118
-118
-116
-116
-121
-130
-133
-123
-123
-130
-130
-125
-128
-128
-121
-118
-121
-123
-121
-116
-113
-113
-118
-118
-118
-118
-113
-111
-111
-118
-130
-133
-133
-130
-113
-92
-79
-92
-113
-118
-113
-116
-123
-125
-125
-125
-123
-125
-130
-128
-133
-140
-79
101
341
522
428
-50
-418
-276
-113
-215
-249
-186
-198
-215
-193
-184
-184
-174
-167
-167
-159
-147
-145
-145
-133
-125
-125
-121
-116
-118
-121
-111
-101
-101
-104
-104
-101
-101
-104
-104
-99
-92
-84
-79
-79
-82
-84
-94
-99
-104
-111
-111
-104
-104
-104
-99
-96
-94
-92
-89
-84
-89
-89
-87
-84
-84
-92
-101
-104
-101
-101
-101
-101
-106
-111
-116
-118
-113
-111
-113
-113
-111
-111
-108
-106
-106
-108
-108
-104
-104
-104
-101
-104
-108
-111
-106
-101
-106
-121
-138
-133
-123
-123
-123
-125
-125
-123
-118
-116
-111
-113
-116
-111
-111
-113
-113
-116
-128
-133
-128
-128
-121
-96
-77
-67
-82
-104
-111
-104
-108
-116
-118
-116
-118
-121
-121
-118
-121
-125
-138
-89
84
346
576
484
-21
-370
-230
-111
-213
-222
-171
-191
-200
-174
-169
-174
-167
-157
-150
-145
-138
-133
-133
-130
-121
-113
-108
-101
-101
-99
-92
-84
-79
-82
-92
-101
-96
-94
-96
-94
-84
-75
-67
-65
-67
-72
-84
-94
-96
-94
-96
-99
-99
-101
-106
-101
-96
-96
-94
-92
-92
-89
-87
-84
-89
-101
-108
-104
-101
-106
-111
-108
-108
-111
-106
-104
-108
-111
-108
-104
-101
-101
-101
-99
-99
-101
-104
-99
-99
-101
-101
-101
-104
-101
-99
-104
-101
-99
-99
-99
-96
-96
-99
-106
-116
-116
-108
-106
-108
-111
-111
-111
-111
-108
-113
-113
-106
-104
-113
-121
-121
-121
-123
-113
-94
-70
-55
-65
-92
-106
-104
-108
-116
-113
-113
-116
-113
-113
-118
-116
-111
-123
-89
75
317
510
476
62
-368
-307
-99
-157
-215
-157
-157
-184
-162
-142
-142
-140
-138
-138
-130
-121
-116
-111
-104
-99
-99
-92
-79
-70
-70
-79
-87
-77
-65
-62
-67
-65
-70
-79
-82
-70
-60
-58
-55
-55
-60
-67
-77
-87
-92
-89
-87
-87
-89
-94
-99
-96
-89
-87
-87
-84
-79
-84
-92
-87
-87
-96
-96
-89
-94
-99
-101
-106
-108
-101
-101
-106
-99
-99
-106
-101
-96
-104
-99
-92
-99
-104
-101
-99
-96
-94
-92
-89
-94
-96
-101
-104
-99
-89
-89
-94
-92
-96
-106
-108
-104
-101
-108
-113
-108
-101
-101
-111
-123
-130
-130
-130
-130
-128
-130
-130
-111
-84
-75
-89
-113
-123
-116
-113
-113
-111
-111
-116
-118
-118
-123
-121
-125
-133
-60
150
397
515
317
-186
-460
-239
-87
-188
-193
-138
-162
-174
-152
-147
-150
-140
-135
-138
-130
-121
-118
-118
-113
-106
-99
-96
-96
-94
-89
-87
-84
-75
-72
-75
-77
-79
-84
-87
-82
-77
-75
-72
-82
-92
-101
-113
-118
-116
-123
-125
-118
-113
-111
-108
-104
-101
-101
-101
-101
-104
-104
-101
-104
-106
-106
-106
-108
-113
-113
-111
-113
-113
-108
-108
-113
-116
-111
-108
-111
-116
-118
-116
-113
-113
-111
-111
-111
-113
-111
-111
-116
-118
-116
-116
-116
-113
-111
-111
-113
-116
-118
-118
-118
-118
-118
-121
-118
-116
-116
-123
-130
-138
-145
-145
-140
-140
-140
-142
-147
-140
-113
-92
-84
-99
-123
-133
-123
-123
-128
-125
-125
-125
-125
-125
-128
-125
-130
-145
-94
79
322
539
498
31
-372
-263
-96
-186
-222
-167
-179
-193
-171
-169
-176
-167
-157
-157
-152
-142
-138
-133
-128
-123
-113
-108
-106
-96
-92
-89
-87
-82
-77
-72
-75
-87
-94
-94
-89
-82
-70
-62
-65
-67
-72
-79
-89
-106
-123
-125
-121
-116
-113
-108
-108
-111
-104
-99
-99
-94
-94
-96
-94
-92
-94
-94
-94
-99
-101
-99
-99
-99
-99
-106
-106
-101
-99
-101
-118
-133
-113
-99
-111
-108
-104
-108
-111
-106
-104
-104
-104
-104
-104
-101
-101
-99
-99
-101
-104
-106
-113
-123
-128
-123
-125
-128
-123
-116
-118
-118
-121
-125
-123
-118
-118
-118
-118
-130
-145
-142
-135
-123
-99
-77
-75
-94
-113
-113
-108
-111
-111
-108
-113
-118
-116
-113
-116
-118
-128
-130
-43
159
416
588
380
-152
-365
-162
-108
-215
-196
-159
-186
-184
-159
-162
-162
-152
-145
-142
-135
-130
-128
-125
-118
-111
-113
-113
-106
-101
-99
-94
-89
-84
-84
-89
-89
-89
-92
-89
-82
-75
-62
-53
-55
-58
-60
-79
-101
-101
-96
-101
-101
-96
-94
-94
-94
-89
-84
-84
-87
-84
-82
-82
-82
-79
-89
-94
-92
-92
-96
-96
-94
-96
-94
-89
-92
-94
-96
-96
-96
-94
-96
-101
-101
-99
-101
-96
-92
-94
-96
-99
-106
-108
-104
-104
-106
-101
-101
-104
-99
-99
-108
-108
-106
-108
-111
-106
-104
-101
-104
-106
-106
-106
-101
-94
-94
-104
-108
-106
-101
-87
-62
-60
-75
-94
-104
-101
-99
-101
-106
-106
-106
-106
-108
-108
-111
-113
-113
-104
4
237
462
498
186
-307
-404
-140
-96
-196
-159
-125
-159
-152
-133
-142
-142
-130
-130
-130
-125
-118
-116
-118
-113
-104
-99
-94
-82
-72
-70
-67
-65
-62
-62
-60
-58
-62
-75
-75
-65
-58
-58
-53
-48
-58
-62
-67
-75
-77
-79
-82
-84
-87
-84
-82
-79
-84
-87
-89
-101
-106
-96
-96
-101
-101
-104
-108
-104
-104
-108
-111
-108
-108
-108
-106
-104
-104
-104
-101
-104
-113
-116
-118
-123
-121
-118
-123
-123
-116
-113
-113
-118
-118
-108
-101
-104
-106
-104
-104
-106
-106
-104
-101
-104
-108
-108
-106
-104
-104
-106
-106
-108
-111
-111
-106
-104
-92
-70
-62
-70
-89
-104
-106
-108
-106
-99
-99
-104
-116
-128
-125
-121
-123
-133
-84
99
348
508
399
-58
-430
-300
-92
-162
-203
-140
-147
-171
-154
-154
-164
-159
-152
-145
-138
-135
-133
-121
-111
-108
-108
-99
-92
-87
-82
-70
-67
-72
-67
-58
-58
-67
-70
-72
-75
-70
-65
-55
-53
-60
-67
-72
-84
-89
-92
-96
-96
-92
-87
-84
-79
-77
-77
-75
-75
-72
-70
-72
-72
-77
-84
-82
-82
-87
-99
-111
-118
-116
-111
-108
-108
-111
-116
-118
-125
-130
-125
-125
-130
-123
-118
-123
-125
-123
-123
-121
-118
-118
-113
-111
-113
-116
-108
-104
-106
-106
-108
-108
-108
-104
-104
-108
-113
-116
-116
-118
-125
-130
-130
-130
-133
-130
-111
-87
-70
-75
-99
-113
-108
-108
-113
-113
-111
-113
-113
-118
-118
-118
-121
-130
-106
33
263
493
539
162
-326
-343
-135
-181
-263
-220
-210
-230
-213
-198
-198
-191
-181
-179
-171
-162
-157
-152
-145
-138
-133
-125
-116
-108
-104
-101
-96
-92
-84
-82
-82
-84
-89
-94
-94
-87
-79
-75
-70
-70
-70
-75
-87
-94
-99
-99
-96
-94
-94
-92
-92
-87
-79
-82
-82
-82
-82
-79
-75
-77
-82
-82
-87
-89
-89
-92
-94
-99
-108
-113
-111
-108
-106
-106
-113
-128
-125
-113
-111
-116
-116
-113
-108
-106
-104
-104
-108
-111
-108
-104
-104
-104
-104
-104
-104
-104
-101
-99
-104
-106
-104
-104
-101
-96
-96
-96
-99
-108
-113
-116
-121
-116
-92
-67
-55
-62
-92
-104
-99
-101
-106
-104
-101
-108
-108
-111
-116
-113
-116
-128
-89
67
309
542
508
38
-365
-263
-104
-193
-230
-174
-179
-198
-186
-191
-191
-179
-169
-167
-162
-154
-150
-145
-135
-125
-121
-118
-113
-104
-96
-94
-92
-92
-89
-89
-87
-84
-82
-84
-84
-75
-55
-48
-48
-48
-53
-62
-67
-67
-72
-77
-79
-79
-77
-72
-70
-67
-67
-67
-65
-62
-62
-67
-75
-75
-75
-72
-72
-79
-92
-101
-101
-96
-99
-96
-92
-92
-89
-87
-87
-94
-92
-84
-82
-84
-84
-84
-82
-82
-87
-96
-96
-92
-92
-96
-101
-106
-104
-101
-101
-96
-92
-96
-94
-87
-92
-94
-92
-89
-89
-89
-89
-89
-94
-96
-94
-94
-84
-65
-48
-50
-79
-99
-96
-99
-101
-96
-101
-106
-106
-106
-106
-106
-113
-130
-94
72
322
491
401
-46
-445
-326
-92
-154
-215
-154
-159
-184
-157
-145
-147
-145
-140
-133
-125
-125
-121
-108
-104
-106
-99
-87
-84
-82
-79
-87
-89
-75
-67
-72
-70
-72
-82
-77
-72
-67
-65
-65
-58
-50
-60
-77
-82
-89
-96
-94
-87
-87
-87
-82
-84
-87
-82
-77
-77
-77
-79
-79
-75
-77
-89
-104
-106
-101
-96
-101
-106
-101
-99
-104
-99
-94
-101
-106
-96
-96
-96
-92
-96
-96
-92
-92
-94
-94
-99
-104
-94
-87
-92
-101
-104
-94
-94
-104
-111
-118
-118
-113
-113
-116
-111
-111
-113
-108
-106
-108
-113
-116
-116
-101
-77
-65
-75
-106
-123
-116
-116
-121
-116
-113
-123
-123
-116
-118
-121
-125
-140
-101
89
346
491
363
-106
-474
-317
-89
-162
-208
-147
-154
-176
-150
-142
-154
-147
-135
-135
-135
-130
-125
-118
-113
-113
-104
-92
-89
-89
-84
-79
-77
-67
-60
-60
-65
-79
-94
-92
-87
-87
-79
-72
-77
-79
-82
-94
-101
-99
-101
-111
-113
-113
-106
-96
-101
-104
-99
-94
-92
-89
-89
-92
-101
-113
-111
-106
-111
-116
-118
-121
-121
-123
-121
-113
-113
-116
-113
-111
-111
-108
-108
-116
-121
-121
-111
-106
-108
-111
-108
-106
-106
-104
-106
-108
-106
-104
-106
-108
-108
-108
-111
-108
-104
-104
-111
-123
-128
-123
-125
-130
-125
-125
-130
-116
-96
-82
-77
-96
-125
-125
-123
-130
-130
-130
-135
-138
-135
-140
-150
-150
-154
-145
-21
215
447
525
227
-285
-397
-159
-142
-242
-196
-169
-203
-193
-176
-186
-181
-169
-169
-162
-150
-145
-142
-133
-128
-118
-111
-106
-101
-96
-94
-87
-79
-77
-75
-70
-72
-77
-79
-77
-72
-62
-58
-58
-60
-67
-82
-92
-96
-113
-130
-125
-118
-118
-113
-108
-108
-106
-99
-94
-94
-94
-104
-108
-101
-96
-99
-101
-104
-108
-106
-101
-101
-101
-104
-108
-106
-106
-108
-111
-108
-111
-113
-108
-106
-104
-101
-106
-108
-101
-101
-99
-99
-101
-101
-101
-101
-101
-99
-99
-104
-108
-108
-101
-104
-106
-104
-104
-104
-104
-106
-113
-111
-111
-118
-116
-113
-121
-113
-87
-70
-65
-75
-104
-121
-123
-135
-145
-150
-152
-150
-147
-152
-150
-145
-152
-159
-99
75
331
571
491
-24
-387
-246
-121
-222
-234
-181
-200
-208
-184
-179
-181
-169
-159
-157
-154
-150
-142
-135
-128
-123
-118
-113
-108
-101
-94
-89
-84
-82
-79
-77
-75
-79
-87
-89
-87
-75
-60
-53
-53
-58
-67
-75
-82
-87
-89
-92
-94
-94
-92
-92
-96
-104
-111
-118
-111
-106
-106
-106
-101
-101
-101
-101
-101
-106
-111
-111
-108
-108
-108
-108
-108
-111
-108
-101
-101
-101
-101
-99
-99
-99
-92
-92
-96
-92
-89
-92
-89
-82
-84
-87
-84
-82
-82
-87
-89
-89
-96
-99
-96
-92
-92
-89
-89
-92
-94
-89
-89
-87
-84
-84
-87
-89
-94
-94
-96
-106
-104
-77
-58
-62
-82
-99
-106
-106
-104
-101
-104
-113
-128
-140
-140
-133
-133
-142
-125
2
237
462
506
171
-309
-363
-133
-133
-213
-167
-152
-181
-171
-150
-145
-142
-140
-138
-133
-125
-116
-111
-106
-106
-108
-104
-92
-84
-82
-77
-70
-67
-62
-60
-60
-60
-60
-65
-62
-55
-48
-41
-38
-43
-50
-65
-84
-94
-96
-101
-106
-99
-87
-87
-89
-84
-84
-89
-82
-72
-75
-84
-94
-104
-99
-96
-99
-101
-104
-108
-106
-106
-108
-101
-101
-104
-104
-101
-101
-96
-92
-94
-99
-101
-99
-94
-94
-96
-96
-94
-94
-99
-99
-101
-101
-99
-96
-92
-89
-89
-89
-89
-92
-94
-94
-94
-87
-84
-87
-87
-94
-104
-106
-113
-123
-123
-113
-101
-89
-72
-62
-82
-106
-104
-99
-106
-104
-101
-104
-104
-104
-113
-128
-130
-133
-121
4
246
445
445
104
-380
-438
-157
-121
-225
-184
-145
-174
-164
-142
-150
-154
-145
-138
-128
-121
-121
-118
-113
-101
-94
-89
-87
-82
-72
-67
-67
-65
-53
-46
-50
-55
-55
-60
-65
-67
-67
-55
-48
-58
-65
-70
-77
-87
-87
-87
-92
-89
-87
-92
-87
-77
-75
-72
-72
-72
-70
-72
-75
-72
-72
-79
-84
-87
-87
-87
-94
-106
-116
-113
-111
-111
-108
-106
-111
-116
-113
-111
-106
-104
-111
-111
-104
-108
-113
-111
-108
-108
-106
-106
-104
-99
-99
-104
-101
-96
-99
-94
-94
-99
-99
-101
-108
-111
-111
-113
-121
-125
-125
-128
-130
-133
-125
-101
-77
-67
-77
-101
-108
-106
-106
-106
-106
-111
-113
-113
-111
-111
-113
-118
-123
-60
128
380
561
447
-46
-394
-242
-94
-193
-213
-157
-186
-208
-176
-169
-179
-169
-159
-159
-152
-140
-135
-130
-123
-118
-113
-108
-101
-94
-84
-79
-77
-72
-67
-67
-75
-77
-77
-79
-84
-77
-65
-60
-67
-70
-75
-79
-84
-92
-96
-99
-101
-99
-92
-87
-87
-87
-84
-82
-75
-72
-75
-77
-77
-75
-72
-72
-77
-82
-87
-87
-92
-96
-94
-94
-99
-99
-94
-94
-92
-96
-106
-116
-108
-101
-101
-101
-104
-106
-106
-104
-101
-104
-104
-104
-101
-96
-96
-96
-99
-106
-108
-101
-104
-111
-108
-106
-108
-106
-106
-111
-113
-113
-116
-118
-121
-123
-121
-101
-79
-62
-60
-82
-104
-101
-99
-106
-104
-101
-108
-108
-106
-111
-113
-113
-130
-125
-9
213
476
607
302
-230
-341
-128
-133
-227
-186
-164
-188
-176
-159
-164
-162
-152
-147
-142
-147
-157
-152
-138
-130
-125
-121
-116
-116
-118
-121
-113
-104
-104
-101
-96
-96
-99
-94
-92
-92
-79
-67
-62
-62
-70
-82
-87
-89
-92
-94
-99
-104
-101
-96
-92
-89
-87
-89
-89
-87
-82
-84
-87
-89
-89
-87
-89
-92
-92
-96
-96
-94
-92
-94
-96
-94
-96
-96
-94
-94
-94
-92
-92
-92
-89
-89
-92
-92
-94
-104
-111
-108
-108
-113
-121
-121
-118
-113
-111
-111
-108
-108
-111
-111
-104
-104
-101
-99
-101
-101
-96
-99
-104
-104
-111
-118
-113
-108
-113
-106
-89
-67
-53
-62
-87
-101
-106
-108
-108
-104
-104
-104
-106
-108
-113
-113
-111
-121
-70
108
348
525
452
16
-368
-268
-89
-159
-203
-150
-150
-159
-138
-135
-142
-138
-130
-128
-118
-113
-118
-116
-101
-94
-94
-96
-101
-92
-77
-72
-67
-60
-55
-50
-50
-53
-53
-53
-50
-41
-36
-36
-31
-33
-43
-50
-55
-62
-75
-84
-82
-79
-82
-79
-70
-67
-75
-72
-62
-58
-62
-70
-65
-65
-70
-67
-65
-70
-75
-77
-79
-82
-77
-77
-79
-79
-79
-82
-79
-75
-77
-79
-84
-87
-84
-87
-92
-101
-104
-96
-101
-108
-99
-92
-96
-113
-121
-113
-113
-111
-101
-101
-106
-104
-101
-99
-94
-99
-106
-106
-108
-116
-111
-108
-116
-99
-67
-60
-75
-96
-106
-106
-106
-106
-99
-94
-104
-111
-108
-106
-104
-106
-116
-50
157
401
518
329
-174
-462
-239
-67
-171
-184
-125
-150
-164
-138
-133
-135
-128
-128
-140
-138
-125
-118
-118
-116
-106
-99
-92
-77
-72
-75
-67
-58
-58
-58
-55
-55
-60
-77
-94
-82
-67
-65
-60
-62
-72
-79
-89
-99
-101
-104
-104
-101
-99
-96
-94
-92
-87
-82
-84
-84
-79
-79
-82
-84
-92
-99
-94
-92
-96
-101
-106
-108
-106
-104
-101
-104
-108
-108
-101
-101
-104
-99
-101
-113
-118
-111
-111
-113
-113
-111
-111
-108
-108
-111
-113
-113
-111
-106
-104
-101
-106
-108
-104
-101
-101
-99
-94
-99
-106
-111
-116
-118
-121
-128
-123
-101
-79
-82
-106
-123
-121
-118
-118
-116
-116
-123
-128
-125
-123
-123
-123
-133
-99
62
309
515
496
77
-375
-324
-106
-162
-225
-169
-169
-191
-167
-154
-164
-164
-159
-159
-152
-145
-142
-140
-130
-123
-121
-116
-108
-104
-101
-92
-87
-84
-79
-75
-75
-77
-79
-84
-89
-89
-79
-70
-72
-77
-82
-92
-101
-104
-111
-125
-135
-130
-125
-123
-118
-113
-113
-111
-106
-101
-101
-99
-99
-104
-101
-99
-101
-101
-106
-111
-116
-118
-116
-113
-113
-116
-116
-113
-108
-108
-111
-118
-118
-113
-111
-108
-108
-113
-113
-106
-104
-101
-99
-99
-101
-101
-99
-99
-101
-104
-104
-106
-108
-108
-108
-111
-108
-111
-111
-104
-101
-106
-104
-106
-116
-118
-118
-121
-111
-96
-89
-89
-108
-128
-123
-121
-128
-125
-121
-128
-128
-125
-130
-133
-135
-152
-133
-2
222
484
588
244
-273
-334
-125
-157
-249
-203
-184
-210
-196
-181
-184
-176
-167
-162
-157
-152
-150
-142
-135
-128
-118
-113
-111
-106
-104
-104
-96
-87
-87
-84
-79
-79
-77
-79
-79
-75
-62
-53
-50
-53
-62
-75
-79
-84
-89
-94
-101
-116
-121
-111
-106
-106
-104
-101
-104
-99
-96
-101
-101
-101
-104
-104
-99
-99
-101
-104
-108
-108
-106
-111
-123
-123
-116
-116
-116
-113
-111
-111
-111
-111
-108
-106
-104
-104
-101
-99
-101
-104
-104
-108
-106
-108
-113
-108
-104
-108
-108
-106
-104
-101
-101
-101
-99
-96
-101
-99
-96
-99
-96
-92
-92
-94
-101
-104
-104
-111
-118
-116
-116
-108
-87
-70
-65
-84
-116
-125
-118
-121
-123
-130
-140
-138
-130
-133
-130
-130
-145
-154
-89
96
341
520
416
-55
-401
-259
-101
-188
-213
-162
-176
-184
-157
-157
-162
-152
-147
-142
-133
-125
-123
-123
-116
-106
-96
-87
-82
-77
-72
-70
-65
-58
-53
-50
-48
-48
-50
-55
-53
-43
-41
-46
-41
-41
-50
-60
-72
-82
-87
-92
-92
-89
-92
-92
-82
-79
-82
-77
-72
-82
-94
-96
-99
-106
-111
-106
-101
-106
-111
-108
-101
-99
-104
-106
-106
-104
-104
-108
-116
-116
-106
-101
-101
-99
-99
-104
-106
-108
-106
-101
-101
-104
-101
-106
-106
-99
-96
-101
-101
-94
-92
-94
-96
-96
-92
-94
-96
-96
-101
-111
-116
-113
-111
-113
-121
-121
-121
-125
-116
-89
-67
-62
-82
-106
-108
-104
-108
-113
-123
-147
-150
-138
-138
-138
-133
-142
-145
-48
176
409
484
215
-297
-474
-213
-106
-213
-200
-157
-181
-179
-152
-157
-157
-140
-138
-140
-130
-125
-125
-118
-108
-106
-104
-96
-92
-87
-77
-70
-65
-62
-58
-55
-62
-65
-65
-67
-67
-60
-55
-50
-48
-53
-65
-72
-77
-82
-84
-89
-89
-87
-82
-77
-79
-89
-92
-84
-82
-84
-89
-89
-92
-89
-87
-89
-96
-104
-106
-106
-101
-101
-113
-128
-125
-118
-118
-118
-113
-113
-116
-116
-116
-113
-113
-113
-116
-111
-106
-106
-108
-111
-113
-108
-106
-106
-104
-106
-106
-106
-106
-111
-111
-113
-121
-121
-113
-113
-113
-113
-116
-116
-113
-116
-121
-118
-121
-113
-84
-58
-58
-87
-116
-116
-108
-113
-113
-111
-113
-118
-123
-125
-125
-125
-133
-138
-60
145
392
532
331
-181
-423
-215
-121
-222
-213
-169
-193
-193
-171
-174
-174
-159
-152
-152
-147
-142
-138
-130
-121
-118
-118
-116
-106
-96
-92
-87
-82
-77
-75
-70
-65
-65
-72
-72
-67
-62
-55
-50
-53
-60
-67
-75
-82
-84
-89
-99
-106
-101
-94
-94
-89
-84
-89
-89
-84
-79
-82
-84
-84
-82
-82
-87
-89
-87
-92
-94
-96
-94
-94
-94
-96
-96
-94
-94
-92
-92
-106
-118
-118
-111
-111
-111
-113
-113
-116
-113
-111
-106
-108
-108
-106
-104
-99
-94
-92
-94
-94
-94
-94
-92
-96
-101
-99
-96
-94
-96
-94
-92
-92
-92
-94
-101
-108
-108
-108
-111
-111
-96
-72
-53
-53
-75
-94
-92
-89
-96
-94
-92
-96
-99
-101
-101
-96
-96
-111
-96
19
239
498
610
280
-249
-334
-118
-133
-222
-176
-159
-193
-181
-162
-162
-159
-150
-150
-142
-133
-125
-123
-121
-118
-108
-101
-94
-89
-84
-79
-77
-70
-65
-65
-65
-67
-67
-67
-67
-65
-65
-60
-50
-53
-62
-67
-77
-87
-89
-89
-87
-87
-87
-87
-82
-79
-79
-75
-70
-75
-77
-70
-67
-70
-70
-72
-75
-75
-75
-77
-79
-79
-79
-82
-82
-84
-92
-94
-94
-104
-108
-104
-101
-106
-106
-104
-101
-101
-99
-101
-96
-94
-99
-96
-92
-92
-92
-89
-89
-89
-92
-89
-87
-84
-89
-101
-108
-108
-113
-113
-108
-108
-111
-111
-106
-104
-104
-108
-111
-111
-106
-92
-67
-48
-48
-62
-84
-89
-87
-87
-92
-92
-92
-89
-89
-89
-94
-99
-104
-101
-14
203
433
527
295
-205
-404
-169
-84
-208
-193
-140
-171
-176
-154
-152
-142
-133
-133
-130
-125
-121
-116
-111
-104
-94
-87
-84
-77
-72
-72
-79
-82
-75
-70
-79
-77
-70
-70
-72
-72
-67
-55
-48
-53
-55
-62
-82
-87
-79
-84
-89
-84
-84
-84
-82
-77
-70
-65
-75
-77
-70
-72
-82
-82
-82
-92
-101
-94
-92
-101
-101
-96
-94
-96
-99
-96
-96
-101
-101
-94
-92
-96
-99
-106
-118
-125
-118
-108
-113
-113
-106
-108
-111
-101
-106
-123
-118
-113
-118
-113
-111
-118
-123
-113
-116
-121
-116
-108
-111
-116
-116
-113
-118
-125
-121
-113
-101
-82
-65
-60
-79
-104
-104
-104
-104
-99
-101
-111
-116
-116
-113
-113
-113
-121
-99
43
292
484
447
58
-401
-380
-108
-116
-203
-150
-133
-169
-162
-140
-138
-138
-135
-140
-145
-140
-128
-125
-125
-123
-121
-121
-118
-108
-101
-94
-87
-82
-77
-75
-77
-75
-79
-87
-79
-70
-70
-62
-55
-60
-70
-75
-79
-87
-92
-92
-92
-92
-87
-79
-79
-87
-92
-84
-79
-79
-82
-82
-82
-89
-92
-89
-89
-92
-94
-99
-99
-99
-99
-96
-96
-99
-104
-101
-94
-94
-96
-101
-104
-101
-99
-99
-101
-106
-113
-113
-116
-123
-121
-121
-135
-140
-133
-128
-125
-123
-123
-128
-121
-116
-121
-121
-123
-125
-125
-121
-121
-123
-125
-130
-128
-108
-84
-65
-65
-89
-111
-106
-101
-108
-113
-111
-111
-111
-111
-113
-113
-113
-128
-106
29
254
486
561
227
-280
-346
-116
-125
-215
-169
-152
-181
-169
-150
-152
-150
-147
-145
-138
-130
-128
-133
-133
-125
-116
-113
-108
-99
-99
-101
-101
-92
-87
-84
-79
-79
-82
-87
-87
-79
-67
-60
-58
-62
-65
-70
-77
-82
-92
-99
-99
-92
-89
-87
-87
-87
-84
-77
-75
-75
-77
-79
-77
-77
-79
-79
-82
-87
-89
-87
-89
-89
-89
-94
-96
-94
-89
-89
-92
-94
-96
-99
-94
-92
-92
-96
-99
-104
-108
-106
-106
-108
-108
-108
-106
-101
-101
-106
-106
-101
-99
-96
-99
-101
-106
-116
-118
-111
-108
-113
-113
-111
-121
-130
-130
-130
-128
-113
-89
-67
-65
-89
-111
-108
-106
-111
-111
-108
-111
-111
-116
-121
-118
-116
-128
-113
12
239
496
590
246
-263
-319
-111
-147
-230
-176
-162
-193
-176
-162
-167
-164
-157
-154
-150
-145
-140
-135
-128
-118
-108
-111
-108
-96
-89
-82
-79
-79
-79
-75
-70
-70
-67
-72
-75
-70
-62
-53
-43
-48
-72
-87
-84
-82
-84
-87
-89
-92
-84
-77
-77
-75
-72
-75
-70
-65
-70
-67
-62
-67
-72
-67
-65
-72
-75
-72
-72
-79
-84
-84
-84
-84
-84
-84
-79
-77
-79
-89
-96
-96
-89
-82
-82
-82
-84
-87
-84
-77
-77
-79
-82
-84
-82
-79
-82
-82
-77
-72
-77
-84
-84
-79
-77
-82
-82
-79
-79
-79
-77
-84
-101
-113
-111
-92
-65
-50
-58
-87
-101
-89
-84
-92
-94
-94
-96
-99
-99
-96
-94
-101
-111
-67
101
336
508
440
9
-409
-319
-77
-128
-191
-133
-135
-167
-150
-138
-142
-140
-130
-118
-118
-113
-101
-104
-104
-87
-79
-82
-75
-70
-62
-50
-53
-58
-53
-50
-53
-50
-50
-58
-62
-55
-48
-43
-38
-36
-46
-53
-67
-89
-94
-82
-87
-94
-87
-79
-82
-77
-70
-70
-67
-65
-67
-70
-72
-79
-87
-84
-84
-87
-84
-84
-84
-82
-87
-87
-89
-94
-94
-99
-101
-99
-96
-99
-96
-87
-89
-94
-89
-87
-84
-82
-82
-89
-92
-87
-87
-89
-92
-96
-101
-94
-89
-87
-87
-92
-96
-92
-84
-79
-87
-92
-94
-101
-92
-75
-60
-46
-60
-94
-99
-92
-96
-96
-99
-118
-128
-123
-125
-130
-128
-128
-133
-48
171
414
506
273
-232
-455
-215
-89
-193
-198
-152
-174
-176
-152
-154
-157
-142
-138
-135
-125
-121
-116
-113
-113
-106
-96
-92
-94
-92
-84
-75
-70
-62
-62
-62
-67
-70
-70
-72
-72
-62
-58
-55
-50
-50
-62
-72
-75
-79
-84
-82
-79
-82
-79
-75
-75
-75
-72
-70
-72
-82
-96
-101
-94
-94
-99
-99
-104
-106
-104
-104
-104
-104
-104
-104
-106
-116
-116
-108
-111
-116
-113
-106
-106
-104
-99
-101
-104
-101
-99
-99
-99
-104
-106
-106
-104
-104
-101
-104
-106
-104
-99
-99
-101
-99
-96
-96
-94
-94
-92
-92
-94
-96
-99
-99
-99
-96
-79
-60
-55
-70
-94
-99
-101
-111
-113
-108
-111
-113
-116
-121
-121
-116
-125
-130
-43
162
401
559
372
-150
-394
-200
-130
-239
-222
-176
-205
-203
-179
-179
-176
-162
-159
-157
-150
-152
-147
-135
-130
-125
-118
-111
-108
-99
-92
-87
-79
-77
-75
-72
-72
-72
-75
-77
-77
-67
-55
-50
-50
-53
-58
-67
-77
-79
-79
-82
-87
-89
-84
-79
-79
-77
-75
-75
-75
-72
-70
-70
-67
-72
-77
-79
-82
-84
-84
-84
-94
-104
-104
-99
-99
-104
-118
-125
-116
-108
-111
-113
-113
-113
-108
-106
-104
-104
-104
-104
-99
-96
-96
-99
-96
-94
-101
-101
-99
-96
-99
-99
-94
-94
-94
-94
-94
-94
-92
-89
-87
-87
-89
-94
-99
-104
-101
-84
-62
-50
-58
-82
-99
-99
-99
-104
-104
-104
-106
-108
-111
-111
-111
-116
-130
-101
36
268
525
561
138
-324
-288
-99
-164
-222
-171
-174
-198
-174
-159
-169
-174
-171
-167
-159
-150
-140
-135
-133
-130
-121
-108
-101
-101
-99
-89
-79
-77
-75
-70
-72
-77
-77
-77
-72
-62
-53
-46
-43
-41
-48
-53
-60
-67
-72
-72
-72
-70
-70
-70
-70
-65
-60
-62
-62
-62
-67
-65
-60
-62
-70
-82
-84
-82
-84
-87
-84
-87
-87
-87
-92
-96
-96
-96
-99
-106
-106
-96
-101
-106
-96
-94
-101
-96
-89
-89
-92
-92
-89
-84
-84
-94
-99
-94
-84
-84
-89
-87
-79
-79
-82
-87
-94
-96
-92
-87
-84
-87
-87
-87
-92
-92
-94
-96
-92
-77
-50
-41
-67
-92
-94
-94
-94
-87
-87
-96
-106
-113
-108
-101
-104
-113
-101
19
259
469
476
123
-360
-401
-125
-101
-198
-157
-130
-162
-152
-130
-133
-133
-133
-145
-142
-123
-118
-116
-113
-111
-104
-94
-87
-75
-72
-77
-70
-55
-55
-65
-65
-62
-67
-70
-65
-62
-58
-50
-50
-53
-50
-53
-62
-67
-72
-79
-77
-70
-72
-77
-75
-70
-67
-65
-72
-77
-72
-77
-84
-84
-84
-92
-94
-92
-94
-92
-92
-94
-92
-94
-106
-104
-89
-89
-99
-96
-92
-87
-89
-96
-94
-89
-99
-111
-108
-96
-104
-113
-106
-96
-106
-111
-106
-106
-111
-108
-108
-106
-99
-96
-101
-101
-96
-96
-96
-96
-104
-111
-116
-113
-104
-94
-72
-53
-72
-104
-104
-96
-104
-108
-113
-118
-116
-121
-130
-125
-118
-128
-128
-26
196
426
501
244
-261
-447
-196
-89
-193
-186
-140
-167
-162
-140
-147
-147
-135
-133
-125
-118
-116
-113
-108
-99
-92
-92
-96
-89
-87
-96
-96
-84
-79
-77
-77
-77
-79
-79
-82
-84
-77
-67
-62
-60
-60
-67
-79
-84
-87
-87
-89
-89
-82
-77
-82
-89
-89
-84
-89
-87
-87
-89
-89
-89
-92
-92
-89
-96
-99
-99
-99
-101
-101
-101
-104
-104
-104
-101
-99
-101
-104
-101
-101
-96
-92
-94
-96
-94
-94
-94
-99
-104
-104
-104
-104
-101
-101
-101
-104
-104
-101
-99
-96
-96
-101
-113
-118
-113
-111
-108
-108
-116
-121
-123
-125
-121
-101
-84
-72
-79
-106
-125
-130
-138
-140
-135
-135
-133
-133
-138
-140
-138
-140
-145
-75
111
353
544
435
-62
-394
-237
-106
-208
-220
-164
-184
-196
-169
-164
-169
-157
-152
-152
-150
-145
-142
-133
-128
-123
-116
-108
-106
-99
-92
-87
-82
-77
-75
-75
-75
-77
-79
-79
-84
-89
-82
-70
-67
-67
-72
-82
-92
-96
-99
-99
-101
-106
-113
-113
-106
-101
-99
-94
-94
-96
-94
-89
-87
-89
-92
-96
-96
-94
-92
-94
-96
-101
-99
-96
-96
-96
-96
-99
-96
-94
-92
-92
-94
-101
-104
-96
-94
-94
-92
-94
-96
-94
-89
-89
-94
-101
-101
-96
-94
-94
-92
-94
-94
-94
-92
-92
-92
-94
-101
-111
-108
-104
-104
-108
-116
-123
-125
-130
-128
-106
-79
-75
-96
-118
-118
-113
-118
-118
-118
-118
-121
-123
-123
-121
-123
-133
-130
-29
184
445
593
331
-198
-353
-142
-121
-222
-193
-164
-193
-184
-159
-164
-164
-154
-150
-145
-135
-128
-125
-123
-118
-111
-104
-99
-94
-89
-84
-82
-77
-70
-70
-72
-72
-75
-77
-75
-67
-60
-55
-50
-46
-48
-62
-84
-99
-104
-99
-99
-99
-99
-96
-96
-89
-84
-82
-79
-82
-84
-82
-79
-75
-75
-79
-82
-82
-84
-87
-84
-82
-87
-94
-96
-92
-89
-89
-92
-89
-87
-87
-87
-87
-84
-87
-87
-79
-79
-84
-87
-87
-84
-84
-89
-94
-94
-92
-94
-94
-92
-87
-89
-94
-94
-92
-92
-92
-92
-89
-92
-99
-101
-94
-92
-104
-121
-130
-130
-123
-106
-79
-62
-70
-94
-111
-104
-99
-99
-94
-101
-106
-104
-104
-104
-101
-106
-123
-94
65
312
503
460
46
-384
-324
-82
-121
-198
-145
-135
-159
-133
-121
-138
-135
-118
-111
-108
-101
-106
-106
-89
-77
-79
-79
-70
-62
-62
-67
-60
-48
-53
-58
-55
-53
-62
-77
-77
-65
-55
-50
-43
-43
-48
-58
-70
-77
-77
-70
-72
-79
-84
-89
-87
-75
-75
-84
-79
-72
-77
-84
-82
-82
-89
-92
-89
-92
-94
-92
-89
-92
-96
-92
-92
-96
-94
-84
-87
-89
-87
-84
-84
-82
-77
-77
-82
-87
-87
-84
-82
-84
-92
-96
-94
-92
-92
-94
-94
-94
-94
-94
-96
-101
-104
-101
-101
-96
-96
-101
-104
-106
-113
-111
-106
-108
-113
-99
-75
-58
-58
-79
-99
-104
-101
-106
-106
-101
-113
-135
-135
-123
-125
-128
-130
-99
53
307
496
435
9
-414
-338
-94
-138
-205
-147
-145
-171
-147
-135
-145
-135
-125
-130
-125
-113
-111
-116
-108
-101
-99
-89
-79
-77
-75
-70
-72
-72
-67
-65
-67
-67
-72
-79
-77
-70
-65
-55
-50
-53
-55
-62
-72
-77
-77
-79
-79
-77
-79
-79
-75
-72
-75
-70
-70
-70
-70
-75
-89
-94
-92
-94
-94
-94
-96
-99
-101
-101
-101
-99
-99
-99
-99
-99
-96
-94
-94
-96
-96
-94
-96
-99
-94
-99
-104
-101
-96
-94
-94
-96
-101
-106
-108
-104
-104
-104
-104
-101
-99
-96
-94
-94
-96
-96
-96
-101
-104
-101
-101
-104
-104
-106
-113
-116
-121
-111
-87
-62
-53
-65
-94
-104
-96
-96
-101
-99
-101
-113
-123
-123
-118
-121
-130
-133
-60
133
384
576
428
-87
-377
-193
-89
-198
-205
-159
-184
-188
-164
-159
-162
-150
-145
-145
-138
-130
-133
-135
-130
-123
-116
-111
-106
-99
-92
-89
-84
-79
-77
-77
-75
-77
-82
-84
-82
-75
-65
-60
-58
-60
-67
-72
-77
-79
-84
-89
-89
-84
-82
-79
-77
-77
-75
-72
-70
-70
-67
-70
-75
-72
-72
-77
-77
-84
-101
-101
-94
-94
-99
-104
-106
-104
-101
-96
-96
-96
-96
-96
-94
-92
-92
-96
-106
-113
-106
-101
-104
-101
-101
-101
-99
-96
-96
-94
-92
-94
-94
-89
-84
-87
-94
-96
-99
-99
-104
-104
-104
-106
-101
-99
-96
-101
-108
-108
-108
-106
-89
-62
-46
-48
-72
-92
-89
-87
-92
-89
-84
-92
-96
-96
-99
-101
-106
-130
-116
29
266
491
520
135
-324
-309
-104
-152
-215
-159
-159
-193
-179
-162
-164
-159
-152
-150
-145
-138
-130
-121
-113
-113
-108
-96
-87
-87
-84
-84
-79
-77
-72
-65
-65
-70
-77
-75
-72
-67
-53
-41
-43
-48
-48
-46
-58
-72
-72
-72
-72
-72
-67
-65
-72
-75
-65
-60
-65
-67
-65
-70
-75
-70
-67
-72
-77
-79
-82
-82
-84
-87
-87
-92
-104
-111
-104
-108
-123
-121
-108
-106
-106
-111
-113
-113
-108
-111
-113
-108
-108
-104
-101
-108
-108
-106
-104
-96
-94
-104
-104
-99
-94
-92
-94
-99
-104
-104
-104
-101
-99
-99
-101
-99
-101
-108
-111
-101
-89
-70
-48
-50
-77
-94
-89
-92
-96
-96
-96
-96
-96
-101
-106
-106
-101
-104
-75
87
338
508
406
-33
-426
-326
-92
-138
-196
-138
-138
-169
-162
-154
-157
-145
-135
-133
-130
-125
-123
-118
-113
-106
-104
-96
-92
-87
-77
-70
-67
-65
-65
-65
-60
-60
-67
-72
-75
-75
-65
-55
-53
-50
-55
-65
-72
-77
-84
-82
-77
-82
-87
-82
-79
-79
-77
-75
-75
-72
-77
-79
-82
-82
-79
-82
-89
-92
-92
-96
-96
-99
-111
-113
-106
-108
-111
-111
-108
-104
-101
-116
-130
-133
-130
-133
-130
-128
-128
-125
-123
-123
-121
-118
-118
-118
-111
-108
-108
-106
-104
-104
-104
-104
-106
-106
-106
-108
-111
-108
-106
-111
-116
-113
-116
-118
-99
-72
-58
-72
-99
-108
-99
-101
-101
-101
-106
-108
-106
-108
-108
-106
-113
-116
-55
130
370
535
418
-55
-411
-261
-87
-176
-208
-150
-167
-186
-164
-157
-162
-152
-142
-140
-138
-130
-125
-128
-135
-130
-121
-113
-108
-101
-96
-89
-84
-79
-77
-75
-75
-79
-79
-82
-82
-75
-65
-58
-58
-65
-75
-77
-82
-89
-92
-92
-89
-87
-82
-82
-82
-77
-77
-77
-72
-70
-72
-75
-75
-75
-75
-77
-84
-96
-99
-96
-99
-99
-99
-99
-104
-106
-108
-106
-101
-104
-106
-101
-96
-96
-96
-96
-96
-96
-99
-99
-96
-106
-121
-118
-111
-108
-108
-108
-111
-111
-106
-104
-99
-99
-101
-101
-99
-104
-108
-108
-111
-116
-121
-121
-118
-116
-101
-79
-60
-58
-79
-101
-99
-96
-101
-101
-99
-101
-106
-108
-108
-108
-121
-140
-113
21
256
513
578
188
-300
-307
-106
-157
-225
-171
-167
-191
-171
-159
-162
-154
-147
-142
-138
-133
-128
-123
-121
-113
-108
-111
-118
-111
-101
-101
-92
-82
-82
-84
-84
-87
-92
-94
-92
-84
-72
-60
-55
-55
-58
-65
-72
-77
-82
-82
-82
-82
-79
-75
-72
-72
-72
-75
-75
-72
-67
-72
-79
-82
-84
-84
-84
-89
-94
-96
-106
-113
-111
-116
-128
-138
-133
-128
-125
-125
-118
-113
-118
-118
-111
-104
-106
-104
-101
-106
-104
-96
-96
-101
-101
-99
-94
-94
-94
-92
-96
-108
-116
-113
-106
-106
-106
-101
-99
-96
-89
-92
-101
-104
-106
-108
-96
-75
-55
-50
-67
-92
-92
-87
-89
-89
-84
-94
-108
-111
-106
-106
-108
-116
-108
-7
217
447
515
244
-259
-414
-162
-79
-181
-162
-125
-152
-147
-123
-128
-125
-118
-118
-116
-104
-99
-101
-92
-79
-82
-79
-70
-65
-62
-60
-58
-58
-50
-43
-41
-48
-58
-58
-50
-53
-50
-48
-53
-55
-55
-60
-62
-62
-75
-84
-82
-79
-77
-70
-67
-70
-70
-72
-70
-75
-87
-89
-79
-77
-84
-87
-87
-89
-89
-87
-92
-94
-89
-89
-92
-87
-82
-84
-89
-92
-84
-79
-82
-87
-87
-82
-79
-77
-77
-79
-82
-77
-77
-89
-94
-87
-82
-84
-87
-84
-82
-84
-87
-84
-77
-79
-84
-87
-84
-89
-89
-101
-111
-89
-62
-53
-65
-89
-106
-104
-104
-106
-104
-113
-125
-130
-125
-123
-123
-125
-130
-62
142
389
515
338
-147
-445
-251
-82
-174
-193
-133
-152
-171
-145
-133
-140
-130
-123
-125
-118
-108
-104
-96
-94
-94
-92
-82
-77
-72
-65
-60
-55
-53
-48
-46
-46
-53
-58
-58
-58
-48
-38
-38
-38
-38
-46
-58
-62
-65
-82
-96
-89
-79
-82
-82
-77
-82
-89
-89
-82
-82
-87
-87
-89
-89
-89
-89
-92
-92
-96
-96
-96
-99
-101
-101
-99
-96
-94
-96
-96
-94
-96
-92
-89
-92
-89
-84
-84
-89
-89
-87
-84
-82
-82
-84
-84
-84
-87
-89
-87
-84
-87
-87
-84
-82
-79
-82
-84
-82
-79
-82
-87
-89
-94
-92
-72
-48
-36
-41
-70
-96
-99
-104
-116
-118
-125
-140
-140
-133
-135
-133
-133
-150
-116
38
280
520
542
121
-343
-305
-106
-167
-227
-171
-174
-198
-171
-157
-167
-162
-154
-154
-152
-142
-135
-133
-125
-118
-113
-106
-99
-96
-92
-82
-75
-72
-70
-70
-72
-75
-77
-77
-75
-67
-58
-48
-46
-46
-48
-58
-65
-70
-79
-84
-84
-84
-84
-87
-92
-89
-84
-84
-82
-79
-89
-101
-99
-94
-96
-94
-96
-99
-101
-101
-101
-99
-96
-99
-101
-101
-99
-94
-94
-96
-96
-99
-101
-96
-94
-96
-96
-96
-92
-89
-89
-89
-89
-92
-89
-84
-82
-84
-87
-89
-89
-87
-87
-89
-87
-87
-87
-84
-79
-77
-79
-79
-79
-84
-92
-94
-94
-101
-94
-75
-58
-53
-65
-94
-106
-99
-101
-104
-101
-106
-111
-108
-104
-104
-104
-113
-133
-82
106
363
559
440
-55
-368
-208
-94
-198
-208
-154
-171
-181
-154
-150
-152
-140
-135
-133
-123
-118
-118
-108
-99
-94
-89
-84
-82
-77
-67
-65
-62
-60
-58
-53
-48
-50
-60
-65
-65
-58
-46
-36
-33
-41
-41
-43
-58
-77
-79
-84
-87
-77
-67
-70
-72
-70
-62
-62
-62
-65
-65
-65
-67
-67
-70
-75
-79
-79
-77
-75
-79
-84
-87
-94
-101
-104
-99
-94
-94
-99
-99
-94
-89
-87
-84
-82
-89
-89
-82
-82
-79
-75
-72
-77
-79
-75
-77
-79
-79
-84
-82
-79
-79
-84
-89
-89
-79
-77
-84
-84
-82
-87
-94
-94
-99
-96
-82
-67
-50
-50
-77
-94
-89
-87
-92
-96
-96
-92
-94
-101
-101
-96
-96
-108
-84
67
317
498
433
7
-423
-346
-92
-140
-220
-152
-140
-174
-154
-138
-145
-138
-125
-128
-123
-113
-111
-104
-94
-87
-82
-75
-67
-65
-65
-62
-60
-58
-55
-58
-58
-58
-62
-65
-65
-65
-65
-65
-58
-58
-62
-70
-82
-87
-87
-87
-77
-72
-77
-79
-75
-67
-67
-67
-67
-67
-67
-72
-77
-79
-87
-89
-87
-87
-87
-92
-96
-92
-87
-89
-89
-89
-96
-106
-111
-106
-104
-101
-101
-104
-104
-96
-94
-94
-96
-94
-92
-94
-94
-96
-101
-104
-104
-104
-101
-96
-96
-94
-92
-92
-89
-92
-101
-104
-101
-106
-113
-111
-111
-104
-82
-67
-70
-84
-106
-108
-104
-106
-108
-108
-108
-108
-111
-118
-121
-118
-128
-116
9
246
469
522
205
-295
-382
-133
-116
-217
-179
-150
-176
-167
-150
-152
-147
-138
-133
-125
-121
-125
-133
-123
-108
-104
-101
-101
-101
-96
-84
-79
-77
-75
-72
-70
-67
-70
-75
-77
-84
-82
-65
-55
-55
-60
-67
-77
-82
-87
-87
-87
-89
-89
-89
-84
-82
-82
-84
-87
-87
-82
-82
-84
-84
-87
-92
-92
-92
-92
-94
-94
-94
-92
-92
-94
-99
-99
-96
-96
-99
-99
-101
-101
-99
-99
-99
-99
-99
-101
-99
-101
-101
-99
-101
-106
-108
-113
-125
-123
-116
-118
-116
-108
-108
-116
-123
-116
-111
-111
-108
-108
-113
-113
-108
-106
-92
-70
-58
-60
-84
-101
-96
-101
-108
-106
-104
-106
-108
-111
-111
-111
-113
-123
-87
67
309
554
552
104
-326
-254
-87
-167
-208
-152
-162
-181
-164
-157
-159
-147
-142
-142
-142
-140
-135
-128
-123
-118
-116
-111
-104
-96
-89
-87
-87
-94
-99
-94
-92
-101
-116
-116
-111
-101
-87
-75
-72
-70
-72
-79
-87
-92
-94
-92
-92
-92
-94
-92
-87
-84
-84
-87
-84
-84
-84
-84
-82
-82
-82
-84
-89
-87
-87
-89
-92
-89
-89
-84
-79
-79
-87
-89
-87
-87
-87
-84
-75
-79
-87
-79
-70
-70
-67
-60
-55
-60
-70
-67
-67
-75
-77
-75
-75
-77
-82
-94
-94
-84
-84
-84
-84
-96
-111
-106
-94
-104
-108
-104
-111
-113
-89
-62
-53
-62
-84
-104
-106
-106
-101
-96
-99
-104
-104
-101
-104
-108
-116
-125
-92
60
302
503
476
70
-365
-309
-82
-130
-198
-140
-138
-167
-147
-133
-135
-130
-123
-118
-108
-101
-106
-106
-101
-89
-75
-70
-72
-58
-46
-48
-46
-46
-50
-46
-36
-46
-55
-55
-48
-41
-36
-41
-48
-50
-60
-70
-77
-84
-89
-89
-87
-87
-82
-82
-79
-79
-84
-84
-84
-94
-96
-94
-94
-96
-101
-101
-99
-106
-113
-108
-99
-101
-106
-111
-108
-104
-108
-111
-104
-104
-113
-113
-104
-101
-99
-96
-101
-104
-99
-94
-92
-94
-99
-99
-92
-92
-106
-111
-108
-113
-113
-111
-106
-108
-111
-111
-108
-116
-123
-123
-130
-140
-133
-108
-84
-82
-101
-121
-125
-128
-133
-133
-130
-130
-135
-138
-138
-138
-140
-145
-128
4
246
455
455
89
-392
-414
-145
-140
-237
-188
-167
-198
-181
-164
-171
-164
-152
-152
-150
-142
-138
-130
-125
-123
-118
-111
-108
-104
-96
-94
-99
-96
-92
-87
-89
-92
-96
-104
-104
-99
-94
-87
-79
-79
-82
-89
-94
-94
-96
-101
-104
-96
-89
-89
-89
-96
-106
-104
-96
-94
-92
-92
-96
-99
-96
-99
-101
-101
-104
-106
-104
-104
-111
-113
-111
-111
-111
-104
-104
-104
-104
-104
-101
-96
-96
-96
-99
-101
-96
-92
-92
-94
-92
-89
-89
-96
-104
-104
-101
-104
-108
-106
-101
-104
-108
-108
-104
-108
-111
-111
-111
-113
-101
-79
-58
-46
-60
-87
-92
-89
-96
-104
-104
-104
-111
-125
-135
-130
-130
-140
-138
-48
152
406
573
375
-157
-394
-186
-113
-222
-205
-162
-188
-191
-169
-169
-167
-154
-147
-147
-142
-135
-130
-123
-113
-108
-108
-106
-96
-92
-89
-94
-96
-92
-87
-87
-89
-96
-104
-104
-96
-84
-70
-60
-60
-65
-70
-75
-79
-84
-87
-89
-89
-87
-87
-82
-79
-82
-79
-77
-75
-75
-72
-72
-75
-77
-77
-77
-79
-89
-104
-113
-111
-108
-111
-113
-113
-113
-113
-108
-106
-108
-108
-106
-104
-101
-96
-96
-99
-99
-99
-96
-94
-94
-96
-96
-104
-116
-118
-116
-113
-113
-116
-116
-116
-116
-116
-113
-116
-116
-113
-113
-116
-111
-111
-104
-82
-60
-50
-62
-92
-101
-99
-106
-108
-104
-106
-111
-116
-118
-118
-118
-128
-140
-67
128
382
556
370
-147
-387
-196
-121
-217
-200
-167
-203
-210
-186
-186
-186
-167
-162
-164
-154
-142
-133
-125
-123
-125
-121
-113
-108
-108
-106
-104
-96
-87
-79
-77
-75
-77
-79
-79
-70
-55
-38
-38
-41
-38
-38
-46
-50
-53
-58
-60
-53
-48
-50
-50
-50
-53
-48
-43
-46
-50
-50
-53
-55
-55
-58
-58
-60
-67
-75
-70
-65
-70
-77
-77
-77
-72
-70
-72
-77
-77
-89
-99
-92
-92
-96
-92
-92
-94
-92
-87
-87
-87
-96
-111
-111
-104
-101
-101
-106
-106
-106
-108
-106
-104
-106
-104
-101
-106
-106
-106
-104
-94
-77
-55
-46
-67
-94
-92
-89
-92
-92
-92
-89
-92
-96
-111
-125
-125
-128
-113
12
251
457
460
108
-372
-416
-135
-108
-210
-167
-135
-164
-154
-135
-140
-138
-125
-121
-123
-128
-138
-128
-116
-111
-108
-99
-96
-101
-106
-101
-89
-79
-75
-75
-79
-79
-79
-79
-79
-77
-67
-58
-55
-58
-58
-67
-77
-77
-75
-79
-84
-79
-75
-70
-70
-72
-72
-72
-75
-75
-72
-77
-84
-82
-84
-87
-87
-89
-92
-92
-96
-101
-99
-94
-89
-94
-99
-96
-92
-92
-92
-89
-87
-89
-92
-89
-89
-87
-87
-89
-92
-94
-94
-94
-108
-123
-128
-118
-113
-113
-111
-111
-116
-111
-108
-116
-116
-113
-118
-118
-104
-79
-60
-55
-79
-101
-94
-92
-99
-96
-96
-99
-101
-108
-116
-116
-116
-133
-118
12
249
464
501
174
-322
-392
-138
-118
-217
-176
-150
-176
-167
-147
-154
-152
-140
-140
-135
-128
-123
-121
-116
-108
-104
-106
-101
-92
-82
-87
-89
-79
-75
-77
-82
-94
-101
-99
-94
-92
-79
-70
-67
-67
-70
-77
-79
-87
-94
-92
-92
-94
-87
-79
-82
-84
-84
-87
-82
-77
-79
-84
-79
-79
-84
-87
-84
-89
-92
-89
-92
-92
-89
-92
-96
-94
-92
-92
-89
-92
-96
-94
-89
-92
-89
-89
-92
-92
-92
-94
-94
-92
-94
-94
-94
-101
-101
-96
-99
-101
-96
-94
-94
-92
-94
-94
-94
-99
-104
-104
-108
-113
-99
-72
-55
-67
-94
-104
-101
-101
-106
-111
-113
-113
-113
-116
-116
-118
-128
-140
-82
101
358
571
464
-43
-375
-217
-99
-203
-213
-162
-184
-193
-167
-162
-164
-152
-145
-145
-142
-135
-135
-133
-125
-121
-116
-111
-104
-99
-101
-104
-96
-92
-89
-84
-84
-89
-92
-92
-87
-77
-62
-53
-50
-53
-60
-62
-67
-75
-77
-79
-84
-82
-79
-82
-82
-92
-101
-96
-92
-89
-87
-87
-89
-89
-87
-89
-89
-89
-92
-92
-89
-89
-87
-89
-92
-92
-89
-89
-87
-84
-89
-89
-84
-84
-89
-89
-89
-89
-94
-89
-84
-84
-87
-89
-92
-89
-84
-87
-89
-87
-84
-82
-79
-82
-82
-79
-79
-79
-79
-82
-87
-87
-89
-89
-72
-46
-31
-38
-65
-84
-82
-82
-89
-84
-82
-96
-108
-108
-108
-111
-113
-130
-104
48
285
493
484
84
-348
-300
-92
-145
-203
-150
-150
-174
-157
-142
-145
-145
-142
-140
-135
-123
-113
-108
-106
-106
-104
-101
-99
-92
-84
-79
-77
-77
-75
-65
-60
-67
-77
-79
-75
-62
-46
-33
-36
-38
-46
-48
-53
-72
-89
-82
-75
-72
-70
-67
-72
-72
-70
-70
-67
-62
-72
-92
-96
-89
-87
-92
-92
-92
-94
-96
-99
-99
-94
-92
-89
-89
-87
-84
-87
-92
-94
-92
-92
-92
-89
-87
-84
-87
-84
-82
-82
-87
-94
-96
-92
-96
-96
-89
-84
-84
-87
-84
-82
-82
-82
-77
-79
-89
-94
-92
-92
-94
-84
-62
-46
-43
-60
-79
-77
-82
-87
-84
-79
-87
-94
-92
-96
-101
-101
-111
-101
29
271
476
464
87
-392
-411
-140
-125
-215
-169
-147
-179
-171
-154
-157
-152
-140
-135
-140
-135
-125
-121
-116
-108
-106
-108
-106
-96
-92
-89
-84
-84
-79
-72
-72
-75
-77
-84
-87
-77
-70
-65
-60
-60
-65
-70
-79
-82
-87
-94
-94
-84
-79
-82
-84
-79
-79
-79
-75
-75
-77
-75
-75
-84
-87
-87
-89
-89
-94
-99
-99
-101
-101
-99
-99
-106
-106
-106
-106
-106
-108
-118
-130
-125
-121
-125
-128
-123
-121
-121
-121
-123
-125
-125
-125
-125
-123
-123
-121
-116
-113
-116
-116
-113
-116
-118
-116
-118
-128
-128
-123
-118
-101
-84
-72
-67
-84
-104
-101
-104
-111
-111
-106
-108
-116
-123
-130
-133
-133
-142
-125
0
227
460
527
196
-307
-370
-140
-150
-244
-198
-179
-210
-198
-179
-181
-176
-164
-162
-167
-171
-171
-159
-152
-147
-150
-150
-145
-135
-125
-121
-118
-113
-108
-106
-106
-118
-123
-101
-99
-108
-99
-84
-79
-79
-82
-89
-96
-99
-104
-104
-104
-104
-101
-99
-96
-94
-94
-92
-89
-87
-87
-87
-84
-89
-94
-96
-96
-96
-99
-99
-101
-106
-111
-111
-108
-106
-106
-111
-108
-106
-104
-104
-101
-101
-104
-101
-101
-99
-99
-101
-104
-111
-113
-106
-104
-118
-128
-118
-113
-116
-113
-111
-116
-116
-118
-118
-116
-116
-118
-116
-116
-121
-121
-121
-118
-96
-70
-53
-60
-87
-104
-96
-96
-104
-104
-106
-113
-121
-121
-118
-118
-123
-140
-99
67
314
549
518
50
-358
-263
-106
-191
-225
-171
-184
-203
-179
-169
-174
-164
-154
-150
-147
-140
-133
-133
-135
-135
-128
-118
-113
-108
-101
-96
-101
-106
-101
-99
-104
-101
-99
-96
-94
-79
-62
-46
-46
-50
-50
-55
-67
-70
-67
-75
-75
-70
-72
-72
-67
-62
-62
-62
-62
-60
-58
-58
-62
-65
-67
-72
-75
-75
-79
-87
-84
-79
-77
-75
-77
-79
-75
-70
-67
-67
-65
-67
-70
-67
-62
-60
-65
-70
-75
-72
-67
-67
-70
-67
-67
-70
-72
-72
-77
-79
-92
-94
-84
-89
-96
-92
-89
-92
-92
-96
-96
-94
-87
-67
-43
-38
-58
-84
-89
-84
-84
-84
-84
-89
-96
-106
-106
-101
-106
-118
-121
-36
179
418
513
271
-239
-443
-198
-87
-191
-181
-135
-159
-167
-150
-154
-145
-128
-130
-133
-123
-116
-123
-125
-118
-108
-106
-106
-99
-84
-77
-82
-82
-72
-72
-77
-79
-79
-84
-89
-77
-55
-50
-53
-53
-67
-92
-99
-94
-94
-99
-104
-101
-87
-79
-84
-79
-77
-82
-79
-75
-75
-79
-84
-87
-89
-92
-92
-87
-89
-94
-96
-94
-96
-99
-96
-96
-94
-92
-94
-87
-82
-92
-96
-87
-79
-79
-87
-94
-101
-101
-99
-96
-96
-99
-104
-104
-96
-89
-92
-96
-96
-94
-92
-96
-99
-99
-101
-106
-106
-82
-58
-48
-53
-82
-108
-104
-99
-104
-96
-92
-94
-96
-94
-96
-101
-111
-123
-70
118
363
510
380
-89
-445
-283
-77
-159
-196
-133
-142
-164
-142
-133
-138
-130
-121
-121
-118
-108
-104
-101
-96
-99
-99
-89
-75
-70
-75
-77
-75
-67
-62
-60
-62
-70
-77
-75
-70
-65
-55
-48
-50
-55
-60
-67
-70
-75
-82
-84
-82
-77
-75
-72
-72
-75
-72
-67
-65
-67
-75
-79
-77
-77
-82
-82
-84
-96
-108
-106
-104
-106
-104
-101
-104
-101
-99
-99
-99
-94
-94
-94
-89
-89
-89
-89
-89
-92
-92
-96
-104
-101
-101
-104
-104
-99
-96
-94
-94
-94
-94
-89
-89
-92
-92
-96
-104
-108
-104
-82
-60
-46
-50
-77
-92
-87
-87
-92
-92
-94
-99
-99
-101
-101
-104
-113
-130
-82
96
341
549
486
2
-384
-259
-96
-196
-242
-196
-203
-213
-188
-181
-186
-179
-169
-164
-157
-150
-145
-145
-140
-130
-125
-128
-130
-128
-123
-116
-108
-104
-99
-101
-104
-101
-101
-104
-99
-89
-82
-72
-67
-72
-77
-84
-94
-99
-99
-101
-101
-104
-101
-101
-96
-94
-92
-92
-89
-92
-96
-96
-96
-99
-101
-104
-104
-104
-106
-106
-106
-106
-111
-111
-108
-108
-106
-111
-123
-128
-123
-121
-121
-118
-121
-121
-118
-118
-121
-116
-113
-123
-133
-133
-125
-123
-121
-121
-121
-121
-116
-116
-113
-113
-111
-111
-116
-118
-118
-121
-121
-104
-82
-62
-62
-87
-108
-106
-101
-104
-104
-101
-106
-111
-113
-111
-108
-111
-125
-99
50
297
542
554
130
-324
-283
-96
-162
-217
-167
-174
-196
-171
-157
-164
-157
-152
-162
-154
-142
-140
-140
-133
-128
-123
-116
-116
-113
-106
-101
-96
-87
-82
-82
-82
-82
-82
-79
-72
-65
-60
-48
-41
-46
-48
-53
-67
-70
-67
-72
-77
-72
-70
-70
-70
-70
-70
-67
-67
-67
-70
-72
-67
-67
-72
-77
-75
-72
-72
-77
-75
-72
-70
-70
-75
-79
-79
-77
-77
-77
-77
-77
-82
-79
-77
-70
-65
-72
-82
-87
-82
-82
-96
-111
-113
-108
-101
-94
-92
-99
-101
-89
-84
-94
-94
-89
-94
-96
-92
-89
-75
-53
-38
-38
-67
-89
-77
-72
-84
-87
-84
-94
-99
-94
-96
-101
-96
-99
-87
38
285
491
481
118
-358
-387
-116
-101
-200
-159
-128
-154
-154
-140
-140
-130
-121
-118
-121
-116
-106
-99
-96
-96
-99
-96
-92
-87
-84
-89
-82
-72
-75
-84
-87
-87
-89
-84
-84
-87
-77
-67
-65
-60
-65
-72
-82
-89
-92
-87
-82
-82
-89
-89
-87
-89
-89
-82
-77
-82
-82
-79
-79
-84
-96
-101
-101
-99
-101
-108
-118
-118
-118
-121
-123
-118
-116
-123
-125
-118
-116
-116
-113
-113
-113
-111
-113
-116
-113
-113
-118
-116
-111
-116
-123
-123
-123
-125
-121
-118
-118
-116
-113
-116
-113
-111
-113
-116
-121
-135
-133
-106
-89
-82
-96
-123
-128
-121
-125
-130
-128
-130
-133
-130
-130
-133
-133
-138
-142
-62
147
389
518
329
-176
-450
-242
-113
-220
-220
-167
-191
-200
-174
-174
-174
-159
-157
-159
-150
-142
-145
-140
-133
-128
-123
-118
-111
-104
-99
-101
-101
-92
-87
-87
-87
-89
-96
-96
-89
-79
-70
-67
-67
-70
-77
-84
-89
-94
-99
-101
-99
-96
-96
-101
-111
-116
-108
-101
-99
-96
-99
-104
-101
-99
-99
-101
-106
-108
-106
-106
-106
-106
-106
-108
-106
-106
-104
-101
-101
-104
-101
-101
-99
-96
-101
-108
-106
-101
-99
-99
-96
-96
-99
-99
-99
-104
-108
-106
-104
-106
-101
-99
-99
-99
-96
-96
-96
-94
-94
-104
-111
-113
-106
-82
-60
-50
-60
-87
-101
-96
-99
-106
-101
-104
-121
-125
-121
-121
-121
-123
-142
-106
58
305
544
527
67
-355
-271
-108
-193
-232
-174
-186
-203
-179
-169
-171
-164
-162
-162
-154
-145
-140
-135
-128
-123
-121
-113
-106
-106
-108
-106
-99
-92
-84
-77
-70
-72
-75
-70
-62
-50
-36
-29
-31
-31
-31
-38
-48
-58
-65
-67
-65
-62
-62
-62
-62
-62
-60
-55
-50
-48
-60
-70
-70
-65
-65
-65
-70
-72
-72
-67
-67
-70
-70
-70
-72
-70
-67
-67
-70
-72
-75
-72
-65
-65
-70
-70
-67
-65
-62
-62
-65
-62
-65
-75
-72
-70
-72
-72
-70
-67
-67
-65
-65
-65
-65
-65
-65
-67
-70
-72
-70
-70
-77
-82
-79
-79
-75
-58
-33
-21
-33
-58
-65
-62
-67
-72
-75
-75
-77
-79
-82
-92
-99
-106
-116
-58
123
353
520
421
-46
-389
-237
-79
-176
-205
-145
-154
-169
-147
-147
-147
-133
-128
-133
-121
-108
-106
-111
-113
-106
-94
-92
-89
-82
-75
-65
-58
-60
-60
-53
-50
-55
-58
-60
-58
-55
-46
-33
-33
-36
-43
-48
-55
-65
-70
-67
-70
-77
-67
-58
-60
-62
-58
-58
-55
-53
-53
-53
-50
-58
-62
-65
-62
-62
-62
-67
-84
-94
-94
-96
-94
-92
-99
-96
-84
-87
-89
-82
-77
-82
-79
-70
-77
-89
-92
-84
-84
-87
-77
-70
-84
-87
-75
-70
-77
-79
-72
-75
-82
-79
-77
-82
-84
-82
-84
-94
-92
-87
-87
-77
-50
-36
-36
-46
-62
-67
-70
-79
-84
-84
-92
-92
-87
-92
-99
-94
-101
-101
4
234
452
498
193
-317
-433
-145
-79
-188
-154
-116
-150
-157
-147
-152
-142
-130
-130
-125
-118
-128
-133
-113
-104
-106
-104
-94
-84
-77
-72
-60
-55
-60
-58
-58
-65
-67
-67
-70
-65
-53
-48
-46
-48
-53
-62
-67
-67
-72
-72
-75
-75
-72
-65
-65
-65
-62
-65
-65
-62
-62
-62
-60
-65
-75
-77
-79
-82
-87
-87
-87
-89
-89
-87
-89
-92
-89
-87
-82
-82
-79
-77
-79
-82
-84
-87
-92
-96
-96
-106
-113
-106
-104
-101
-96
-101
-104
-99
-101
-113
-111
-104
-111
-111
-104
-99
-101
-106
-111
-113
-111
-99
-75
-55
-50
-67
-87
-89
-89
-96
-99
-101
-108
-111
-108
-113
-116
-116
-125
-121
-7
220
452
535
244
-271
-392
-147
-113
-217
-181
-145
-174
-164
-142
-152
