# Number of cardiac events: 468
# Number of duplicates rejected: 0
# Number of neuro events: 468
# event_beat =  177
-177.8 -0.03709764519137915 -0.03709764519137959 2.9852712484021384 1.9721522630525295e-31 0.9950904161340461 -0.042808462756963594
-176.83076923076922 -0.03709764519137959 -0.0370976451913787 2.9852712484021384 7.888609052210118e-31 0.9950904161340461 -0.042808462756963594
-175.86153846153846 -0.0370976451913787 -0.04473972737240084 2.9852712484021384 5.917159763315617e-05 0.9950904161340461 -0.042884883578773736
-174.9 -0.04473972737240084 -0.052381809553420755 2.9852712484021384 5.917159763312201e-05 0.9950904161340461 -0.04311261762776819
-173.94615384615383 -0.052381809553420755 -0.04473972737239995 2.9852712484021384 5.9171597633135674e-05 0.9950904161340461 -0.043335796995782716
-172.98461538461538 -0.04473972737239995 -0.014171398648316846 2.9852712484021384 0.0009467455621301708 0.9950904161340461 -0.04317240866738592
-171.9923076923077 -0.014171398648316846 -0.014171398648316846 2.9852712484021384 0.0 0.9950904161340461 -0.04270660481831623
-171.0 -0.014171398648316846 -0.029455563010358343 2.9852712484021384 0.0002366863905325427 0.9950904161340461 -0.042402958689848336
-170.02307692307693 -0.029455563010358343 -0.03709764519137915 2.9852712484021384 5.9171597633135674e-05 0.9950904161340461 -0.042334647949380466
-169.05384615384617 -0.03709764519137915 -0.029455563010358343 2.9852712484021384 5.9171597633135674e-05 0.9950904161340461 -0.04226770342372188
-168.07692307692307 -0.029455563010358343 -0.04473972737239995 2.9852712484021384 0.0002366863905325427 0.9950904161340461 -0.042278518610386784
-167.1153846153846 -0.04473972737239995 -0.052381809553420755 2.9852712484021384 5.9171597633135674e-05 0.9950904161340461 -0.042518379958748964
-166.16153846153847 -0.052381809553420755 -0.029455563010358343 2.9852712484021384 0.000532544378698221 0.9950904161340461 -0.042600602436523416
-165.18461538461537 -0.029455563010358343 0.008754847894745454 2.9852712484021384 0.001479289940828392 0.9950904161340461 -0.042069813890260765
-164.16923076923078 0.008754847894745454 0.024039012256787062 2.9852712484021384 0.0002366863905325427 0.9950904161340461 -0.041014695362251885
-163.13846153846154 0.024039012256787062 0.024039012256787062 2.9852712484021384 0.0 0.9950904161340461 -0.0398278375611828
-162.1076923076923 0.024039012256787062 0.03168109443780609 2.9852712484021384 5.9171597633108345e-05 0.9950904161340461 -0.0385882960943249
-161.06923076923078 0.03168109443780609 0.0011127657137264269 2.9852712484021384 0.0009467455621299522 0.9950904161340461 -0.03760280792223469
-160.06153846153848 0.0011127657137264269 0.008754847894745454 2.9852712484021384 5.9171597633108345e-05 0.9950904161340461 -0.03686629197901692
-159.04615384615386 0.008754847894745454 0.016396930075764482 2.9852712484021384 5.9171597633108345e-05 0.9950904161340461 -0.0359916647110432
-158.02307692307693 0.016396930075764482 0.016396930075768035 2.9852712484021384 1.262177448353619e-29 0.9950904161340461 -0.03505810916661867
-157.0 0.016396930075768035 0.0011127657137264269 2.9852712484021384 0.0002366863905325427 0.9950904161340461 -0.034296066376703016
-155.9923076923077 0.0011127657137264269 0.016396930075764482 2.9852712484021384 0.00023668639053243338 0.9950904161340461 -0.03354926444258577
-154.96923076923076 0.016396930075764482 0.06989150534291166 2.9852712484021384 0.002899408284023839 0.9950904161340461 -0.03212961115085888
-153.8923076923077 0.06989150534291166 0.054607340980870056 2.9852712484021384 0.0002366863905325427 0.9950904161340461 -0.030356246815915533
-152.83076923076922 0.054607340980870056 0.06989150534291166 2.9852712484021384 0.0002366863905325427 0.9950904161340461 -0.02861834976767108
-151.75384615384615 0.06989150534291166 0.09281775188597563 2.9852712484021384 0.0005325443786983031 0.9950904161340461 -0.026533106551340446
-150.65384615384616 0.09281775188597563 0.10810191624801369 2.9852712484021384 0.00023668639053243338 0.9950904161340461 -0.024107464090285413
-149.53846153846155 0.10810191624801369 0.04696525879985103 2.9852712484021384 0.003786982248520246 0.9950904161340461 -0.02218885940931281
-148.48461538461538 0.04696525879985103 0.04696525879985103 2.9852712484021384 0.0 0.9950904161340461 -0.02091999339644124
-147.43076923076922 0.04696525879985103 0.03168109443780964 2.9852712484021384 0.0002366863905325427 0.9950904161340461 -0.019829346347447485
-146.3923076923077 0.03168109443780964 0.024039012256787062 2.9852712484021384 5.9171597633163e-05 0.9950904161340461 -0.018989774704864182
-145.36153846153846 0.024039012256787062 -0.006529316467296042 2.9852712484021384 0.0009467455621301708 0.9950904161340461 -0.018549098604183745
-144.36153846153846 -0.006529316467296042 0.024039012256787062 2.9852712484021384 0.0009467455621301708 0.9950904161340461 -0.018117236025516847
-143.33076923076922 0.024039012256787062 0.054607340980870056 2.9852712484021384 0.0009467455621301708 0.9950904161340461 -0.01708264412394167
-142.26923076923077 0.054607340980870056 0.03168109443780254 2.9852712484021384 0.000532544378698467 0.9950904161340461 -0.01599232323858779
-141.23076923076923 0.03168109443780254 0.039323176618832 2.9852712484021384 5.917159763327232e-05 0.9950904161340461 -0.01507665041456141
-140.18461538461537 0.039323176618832 0.054607340980870056 2.9852712484021384 0.00023668639053243338 0.9950904161340461 -0.013950028581584784
-139.12307692307692 0.054607340980870056 0.054607340980870056 2.9852712484021384 0.0 0.9950904161340461 -0.01269309754164738
-138.06153846153848 0.054607340980870056 0.0011127657137264269 2.9852712484021384 0.0028994082840234567 0.9950904161340461 -0.011996250875180081
-137.05384615384617 0.0011127657137264269 0.0011127657137193214 2.9852712484021384 5.048709793414476e-29 0.9950904161340461 -0.011848286894713733
-136.04615384615386 0.0011127657137193214 0.03168109443780964 2.9852712484021384 0.000946745562130608 0.9950904161340461 -0.011397598906615847
-135.0076923076923 0.03168109443780964 0.016396930075771587 2.9852712484021384 0.00023668639053243338 0.9950904161340461 -0.010803083034659489
-133.98461538461538 0.016396930075771587 0.008754847894741902 2.9852712484021384 5.917159763327232e-05 0.9950904161340461 -0.010449719945572866
-132.96923076923076 0.008754847894741902 0.008754847894749007 2.9852712484021384 5.048709793414476e-29 0.9950904161340461 -0.010179844940078286
-131.95384615384614 0.008754847894749007 0.024039012256787062 2.9852712484021384 0.00023668639053243338 0.9950904161340461 -0.009762525791073062
-130.9230769230769 0.024039012256787062 0.008754847894741902 2.9852712484021384 0.000236686390532652 0.9950904161340461 -0.009353553025048034
-129.90769230769232 0.008754847894741902 0.03168109443780964 2.9852712484021384 0.000532544378698467 0.9950904161340461 -0.008876338892533253
-128.86923076923077 0.03168109443780964 0.06989150534290811 2.9852712484021384 0.0014792899408279819 0.9950904161340461 -0.007797302468187106
-127.7923076923077 0.06989150534290811 0.04696525879985458 2.9852712484021384 0.0005325443786978111 0.9950904161340461 -0.006587005128707468
-126.73846153846154 0.04696525879985458 0.016396930075764482 2.9852712484021384 0.000946745562130608 0.9950904161340461 -0.005935859488688799
-125.71538461538461 0.016396930075764482 0.008754847894741902 2.9852712484021384 5.9171597633163e-05 0.9950904161340461 -0.005679840870521646
-124.7 0.008754847894741902 0.016396930075771587 2.9852712484021384 5.917159763327232e-05 0.9950904161340461 -0.005428942624717825
-123.67692307692307 0.016396930075771587 -0.014171398648318623 2.9852712484021384 0.000946745562130608 0.9950904161340461 -0.005412324809260571
-122.68461538461538 -0.014171398648318623 -0.029455563010356678 2.9852712484021384 0.00023668639053243338 0.9950904161340461 -0.005854564280973751
-121.7076923076923 -0.029455563010356678 -0.006529316467296042 2.9852712484021384 0.0005325443786981391 0.9950904161340461 -0.006211538141442485
-120.7076923076923 -0.006529316467296042 0.008754847894741902 2.9852712484021384 0.00023668639053243338 0.9950904161340461 -0.006179268415650863
-119.6923076923077 0.008754847894741902 -0.006529316467296042 2.9852712484021384 0.00023668639053243338 0.9950904161340461 -0.00614764408437507
-118.6923076923077 -0.006529316467296042 -0.014171398648318623 2.9852712484021384 5.9171597633163e-05 0.9950904161340461 -0.006345914705155442
-117.7 -0.014171398648318623 0.008754847894749007 2.9852712484021384 0.000532544378698467 0.9950904161340461 -0.006387378269899657
-116.68461538461538 0.008754847894749007 0.016396930075771587 2.9852712484021384 5.9171597633163e-05 0.9950904161340461 -0.006122329276108118
-115.66153846153846 0.016396930075771587 0.008754847894734796 2.9852712484021384 5.917159763338163e-05 0.9950904161340461 -0.005862581262192523
-114.64615384615385 0.008754847894734796 -0.006529316467296042 2.9852712484021384 0.00023668639053221475 0.9950904161340461 -0.005837290673985973
-113.64615384615385 -0.006529316467296042 0.031681094437816526 2.9852712484021384 0.001479289940829075 0.9950904161340461 -0.0055832434321128055
-112.6076923076923 0.031681094437816526 0.046965258799847476 2.9852712484021384 0.00023668639053221475 0.9950904161340461 -0.004799331382405736
-111.55384615384615 0.046965258799847476 0.03168109443780254 2.9852712484021384 0.000236686390532652 0.9950904161340461 -0.004031097573692799
-110.51538461538462 0.03168109443780254 0.016396930075771587 2.9852712484021384 0.00023668639053221475 0.9950904161340461 -0.003583911728394895
-109.49230769230769 0.016396930075771587 0.016396930075771587 2.9852712484021384 0.0 0.9950904161340461 -0.0032985112436232367
-108.46923076923076 0.016396930075771587 0.024039012256779957 2.9852712484021384 5.917159763294437e-05 0.9950904161340461 -0.0029423979467368966
-107.43846153846154 0.024039012256779957 -0.014171398648318623 2.9852712484021384 0.0014792899408279819 0.9950904161340461 -0.002899090203029253
-106.44615384615385 -0.014171398648318623 -0.014171398648318623 2.9852712484021384 0.0 0.9950904161340461 -0.003238752723246696
-105.45384615384616 -0.014171398648318623 0.016396930075771587 2.9852712484021384 0.000946745562130608 0.9950904161340461 -0.003265938705818927
-104.43076923076923 0.016396930075771587 0.016396930075771587 2.9852712484021384 0.0 0.9950904161340461 -0.0029868976814988457
-103.4076923076923 0.016396930075771587 0.001112765713712438 2.9852712484021384 0.00023668639053308927 0.9950904161340461 -0.0028662791212856753
-102.4 0.001112765713712438 0.0011127657137264269 2.9852712484021384 2.0194839173657902e-28 0.9950904161340461 -0.00290091457589714
-101.3923076923077 0.0011127657137264269 0.039323176618839106 2.9852712484021384 0.001479289940829075 0.9950904161340461 -0.002552753212365255
-100.34615384615384 0.039323176618839106 0.069891505342901 2.9852712484021384 0.000946745562128859 0.9950904161340461 -0.0015237676798123267
-99.26923076923077 0.069891505342901 0.046965258799847476 2.9852712484021384 0.0005325443786978111 0.9950904161340461 -0.00043894103610031543
-98.21538461538462 0.046965258799847476 0.062249423161892636 2.9852712484021384 0.000236686390532652 0.9950904161340461 0.0005477682529273498
-97.14615384615385 0.062249423161892636 0.06989150534291522 2.9852712484021384 5.9171597633163e-05 0.9950904161340461 0.0017440058216051657
-96.06923076923077 0.06989150534291522 0.03932317661882512 2.9852712484021384 0.000946745562130608 0.9950904161340461 0.0026870561734788634
-95.02307692307693 0.03932317661882512 0.0011127657137264269 2.9852712484021384 0.0014792899408279819 0.9950904161340461 0.0029234581220232148
-94.01538461538462 0.0011127657137264269 -0.014171398648318623 2.9852712484021384 0.000236686390532652 0.9950904161340461 0.0026201862789252406
-93.02307692307693 -0.014171398648318623 -0.006529316467296042 2.9852712484021384 5.9171597633163e-05 0.9950904161340461 0.0022465590508788935
-92.02307692307693 -0.006529316467296042 -0.029455563010349572 2.9852712484021384 0.0005325443786978111 0.9950904161340461 0.0017275627237731683
-91.04615384615384 -0.029455563010349572 0.0011127657137264269 2.9852712484021384 0.0009467455621297335 0.9950904161340461 0.0012953671450197657
-90.03846153846153 0.0011127657137264269 0.008754847894734796 2.9852712484021384 5.917159763294437e-05 0.9950904161340461 0.0012539195868923603
-89.02307692307693 0.008754847894734796 0.024039012256794168 2.9852712484021384 0.00023668639053308927 0.9950904161340461 0.0014425634453580916
-87.99230769230769 0.024039012256794168 0.016396930075771587 2.9852712484021384 5.9171597633163e-05 0.9950904161340461 0.0017038552484649472
-86.96923076923076 0.016396930075771587 0.024039012256779957 2.9852712484021384 5.917159763294437e-05 0.9950904161340461 0.0019599212155094747
-85.93846153846154 0.024039012256779957 0.024039012256794168 2.9852712484021384 2.0194839173657902e-28 0.9950904161340461 0.0022872866850232043
-84.9076923076923 0.024039012256794168 -0.014171398648318623 2.9852712484021384 0.001479289940829075 0.9950904161340461 0.002226000736095912
-83.91538461538461 -0.014171398648318623 -0.021813480829341203 2.9852712484021384 5.9171597633163e-05 0.9950904161340461 0.0017074155752856424
-82.93076923076923 -0.021813480829341203 -0.006529316467296042 2.9852712484021384 0.000236686390532652 0.9950904161340461 0.001275622939501897
-81.93076923076923 -0.006529316467296042 0.0011127657137264269 2.9852712484021384 5.9171597633163e-05 0.9950904161340461 0.0010817286218645084
-80.92307692307692 0.0011127657137264269 -0.006529316467296042 2.9852712484021384 5.9171597633163e-05 0.9950904161340461 0.0008917121905798187
-79.92307692307692 -0.006529316467296042 0.016396930075757377 2.9852712484021384 0.0005325443786978111 0.9950904161340461 0.0008583377315412033
-78.9 0.016396930075757377 0.054607340980870056 2.9852712484021384 0.001479289940829075 0.9950904161340461 0.0014369973361649802
-77.83846153846154 0.054607340980870056 0.024039012256794168 2.9852712484021384 0.0009467455621297335 0.9950904161340461 0.0020805045705065695
-76.8076923076923 0.024039012256794168 -0.014171398648318623 2.9852712484021384 0.001479289940829075 0.9950904161340461 0.002023354263869459
-75.81538461538462 -0.014171398648318623 0.0011127657137264269 2.9852712484021384 0.000236686390532652 0.9950904161340461 0.0017380844979344445
-74.8076923076923 0.0011127657137264269 -0.006529316467296042 2.9852712484021384 5.9171597633163e-05 0.9950904161340461 0.0015349409491283161
-73.8076923076923 -0.006529316467296042 -0.021813480829341203 2.9852712484021384 0.000236686390532652 0.9950904161340461 0.0011065978058677484
-72.82307692307693 -0.021813480829341203 -0.029455563010349572 2.9852712484021384 5.917159763294437e-05 0.9950904161340461 0.0004575590600417456
-71.84615384615384 -0.029455563010349572 -0.021813480829341203 2.9852712484021384 5.917159763294437e-05 0.9950904161340461 -0.0001784989108677415
-70.86153846153846 -0.021813480829341203 -0.006529316467296042 2.9852712484021384 0.000236686390532652 0.9950904161340461 -0.0005725732569283881
-69.86153846153846 -0.006529316467296042 -0.014171398648318623 2.9852712484021384 5.9171597633163e-05 0.9950904161340461 -0.0008823452942576804
-68.86923076923077 -0.014171398648318623 0.008754847894749007 2.9852712484021384 0.000532544378698467 0.9950904161340461 -0.0010330802472200418
-67.85384615384615 0.008754847894749007 0.024039012256779957 2.9852712484021384 0.00023668639053221475 0.9950904161340461 -0.0007986963920720846
-66.82307692307693 0.024039012256779957 0.024039012256794168 2.9852712484021384 2.0194839173657902e-28 0.9950904161340461 -0.00041615857040655513
-65.79230769230769 0.024039012256794168 0.008754847894734796 2.9852712484021384 0.00023668639053308927 0.9950904161340461 -0.00019411314879480557
-64.77692307692308 0.008754847894734796 0.008754847894749007 2.9852712484021384 2.0194839173657902e-28 0.9950904161340461 -0.0001293502792358847
-63.761538461538464 0.008754847894749007 0.024039012256794168 2.9852712484021384 0.000236686390532652 0.9950904161340461 8.69589765526424e-05
-62.730769230769226 0.024039012256794168 0.0011127657137264269 2.9852712484021384 0.000532544378698467 0.9950904161340461 0.00022252122541499553
-61.72307692307692 0.0011127657137264269 0.001112765713712438 2.9852712484021384 2.0194839173657902e-28 0.9950904161340461 0.00012610976386939754
-60.71538461538462 0.001112765713712438 0.008754847894749007 2.9852712484021384 5.917159763338163e-05 0.9950904161340461 0.00010804735336500393
-59.7 0.008754847894749007 0.016396930075771587 2.9852712484021384 5.9171597633163e-05 0.9950904161340461 0.0002431878346911276
-58.676923076923075 0.016396930075771587 0.008754847894749007 2.9852712484021384 5.9171597633163e-05 0.9950904161340461 0.0003756255063906977
-57.661538461538456 0.008754847894749007 -0.021813480829341203 2.9852712484021384 0.000946745562130608 0.9950904161340461 0.00012331031560530725
-56.676923076923075 -0.021813480829341203 0.0011127657137264269 2.9852712484021384 0.000532544378698467 0.9950904161340461 -0.00020037939317463227
-55.669230769230765 0.0011127657137264269 0.016396930075757377 2.9852712484021384 0.00023668639053221475 0.9950904161340461 -0.0001354911987279106
-54.64615384615385 0.016396930075757377 0.024039012256794168 2.9852712484021384 5.917159763338163e-05 0.9950904161340461 0.0001573616972605496
-53.61538461538461 0.024039012256794168 0.008754847894749007 2.9852712484021384 0.000236686390532652 0.9950904161340461 0.0003679367135189793
-52.599999999999994 0.008754847894749007 0.031681094437788326 2.9852712484021384 0.0005325443786971553 0.9950904161340461 0.000650721051262293
-51.561538461538476 0.031681094437788326 0.024039012256794168 2.9852712484021384 5.9171597632725744e-05 0.9950904161340461 0.0010806913458711875
-50.53076923076924 0.024039012256794168 0.008754847894749007 2.9852712484021384 0.000236686390532652 0.9950904161340461 0.0012727997691575066
-49.51538461538462 0.008754847894749007 0.008754847894749007 2.9852712484021384 0.0 0.9950904161340461 0.0013082243803577143
-48.5 0.008754847894749007 0.016396930075771587 2.9852712484021384 5.9171597633163e-05 0.9950904161340461 0.0014193613211439526
-47.47692307692307 0.016396930075771587 -0.014171398648318623 2.9852712484021384 0.000946745562130608 0.9950904161340461 0.0012990130576839842
-46.48461538461538 -0.014171398648318623 0.0011127657137264269 2.9852712484021384 0.000236686390532652 0.9950904161340461 0.0010282301158728302
-45.47692307692307 0.0011127657137264269 -0.014171398648318623 2.9852712484021384 0.000236686390532652 0.9950904161340461 0.000762862832897726
-44.48461538461538 -0.014171398648318623 -0.029455563010363672 2.9852712484021384 0.000236686390532652 0.9950904161340461 0.0001971196083412341
-43.50769230769231 -0.029455563010363672 -0.04473972737240872 2.9852712484021384 0.000236686390532652 0.9950904161340461 -0.0006629920389649158
-42.54615384615386 -0.04473972737240872 -0.029455563010335473 2.9852712484021384 0.00023668639053352653 0.9950904161340461 -0.0015059014533247428
-41.56923076923076 -0.029455563010335473 -0.006529316467296042 2.9852712484021384 0.0005325443786971553 0.9950904161340461 -0.001949848570346191
-40.56923076923076 -0.006529316467296042 0.008754847894720807 2.9852712484021384 0.0002366863905317775 0.9950904161340461 -0.0020028126359765697
-39.553846153846166 0.008754847894720807 0.031681094437816526 2.9852712484021384 0.0005325443786997788 0.9950904161340461 -0.001672613311243465
-38.51538461538462 0.031681094437816526 0.0698915053429292 2.9852712484021384 0.001479289940829075 0.9950904161340461 -0.0007376513985228872
-37.438461538461524 0.0698915053429292 0.05460734098085607 2.9852712484021384 0.00023668639053352653 0.9950904161340461 0.0004078737413737432
-36.37692307692308 0.05460734098085607 0.039323176618839106 2.9852712484021384 0.0002366863905317775 0.9950904161340461 0.0012248050912315733
-35.33076923076922 0.039323176618839106 0.031681094437788326 2.9852712484021384 5.917159763360026e-05 0.9950904161340461 0.0017961353486615206
-34.2923076923077 0.031681094437788326 0.0011127657137264269 2.9852712484021384 0.000946745562128859 0.9950904161340461 0.001973934891891904
-33.28461538461539 0.0011127657137264269 -0.03709764519135794 2.9852712484021384 0.0014792899408268888 0.9950904161340461 0.0014603910479660254
-32.3153846153846 -0.03709764519135794 -0.04473972737240872 2.9852712484021384 5.917159763360026e-05 0.9950904161340461 0.0004985931500574026
-31.35384615384615 -0.04473972737240872 -0.03709764519138625 2.9852712484021384 5.9171597633163e-05 0.9950904161340461 -0.0004439687898933897
-30.384615384615387 -0.03709764519138625 -0.021813480829341203 2.9852712484021384 0.000236686390532652 0.9950904161340461 -0.0011384170256145687
-29.400000000000006 -0.021813480829341203 -0.021813480829341203 2.9852712484021384 0.0 0.9950904161340461 -0.0016661346530006949
-28.415384615384625 -0.021813480829341203 -0.006529316467296042 2.9852712484021384 0.000236686390532652 0.9950904161340461 -0.002030456284218829
-27.415384615384625 -0.006529316467296042 -0.014171398648318623 2.9852712484021384 5.9171597633163e-05 0.9950904161340461 -0.0023110706610023346
-26.423076923076934 -0.014171398648318623 -0.014171398648318623 2.9852712484021384 0.0 0.9950904161340461 -0.002662493572060276
-25.430769230769243 -0.014171398648318623 -0.006529316467296042 2.9852712484021384 5.9171597633163e-05 0.9950904161340461 -0.002930467203086984
-24.430769230769243 -0.006529316467296042 0.024039012256794168 2.9852712484021384 0.000946745562130608 0.9950904161340461 -0.0028109772524418375
-23.400000000000006 0.024039012256794168 0.039323176618839106 2.9852712484021384 0.000236686390532652 0.9950904161340461 -0.0022353521699483014
-22.35384615384615 0.039323176618839106 0.024039012256794168 2.9852712484021384 0.000236686390532652 0.9950904161340461 -0.001671239589104756
-21.32307692307691 0.024039012256794168 0.024039012256765746 2.9852712484021384 8.077935669463161e-28 0.9950904161340461 -0.0012712509034986663
-20.292307692307702 0.024039012256765746 0.031681094437816526 2.9852712484021384 5.917159763360026e-05 0.9950904161340461 -0.0008028411697944549
-19.253846153846155 0.031681094437816526 0.016396930075771587 2.9852712484021384 0.000236686390532652 0.9950904161340461 -0.00042022045257428253
-18.230769230769226 0.016396930075771587 0.008754847894749007 2.9852712484021384 5.9171597633163e-05 0.9950904161340461 -0.0002745146151292843
-17.215384615384608 0.008754847894749007 0.008754847894749007 2.9852712484021384 0.0 0.9950904161340461 -0.00020814371624333639
-16.19999999999999 0.008754847894749007 -0.006529316467296042 2.9852712484021384 0.000236686390532652 0.9950904161340461 -0.00029594187895565227
-15.199999999999989 -0.006529316467296042 0.008754847894720807 2.9852712484021384 0.0002366863905317775 0.9950904161340461 -0.00038198407841383286
-14.184615384615398 0.008754847894720807 0.039323176618839106 2.9852712484021384 0.0009467455621323571 0.9950904161340461 -7.78050302163713e-06
-13.138461538461542 0.039323176618839106 0.0011127657137264269 2.9852712484021384 0.001479289940829075 0.9950904161340461 0.000282518179052893
-12.130769230769232 0.0011127657137264269 -0.006529316467296042 2.9852712484021384 5.9171597633163e-05 0.9950904161340461 0.00010848595662449334
-11.130769230769232 -0.006529316467296042 0.0011127657137264269 2.9852712484021384 5.9171597633163e-05 0.9950904161340461 -6.206562135546712e-05
-10.123076923076923 0.0011127657137264269 0.0011127657137264269 2.9852712484021384 0.0 0.9950904161340461 -0.00015278534596552262
-9.115384615384613 0.0011127657137264269 -0.021813480829341203 2.9852712484021384 0.000532544378698467 0.9950904161340461 -0.0004709531415141299
-8.130769230769232 -0.021813480829341203 0.0011127657137264269 2.9852712484021384 0.000532544378698467 0.9950904161340461 -0.0007827575811516496
-7.123076923076923 0.0011127657137264269 0.024039012256794168 2.9852712484021384 0.000532544378698467 0.9950904161340461 -0.0006298010011351884
-6.092307692307685 0.024039012256794168 0.0011127657137264269 2.9852712484021384 0.000532544378698467 0.9950904161340461 -0.00047990355271898544
-5.084615384615375 0.0011127657137264269 0.008754847894749007 2.9852712484021384 5.9171597633163e-05 0.9950904161340461 -0.0004858456968914737
-4.0692307692307566 0.008754847894749007 0.008754847894720807 2.9852712484021384 8.077935669463161e-28 0.9950904161340461 -0.0004152481763706195
-3.053846153846166 0.008754847894720807 0.0011127657137264269 2.9852712484021384 5.9171597632725744e-05 0.9950904161340461 -0.00042248342807038597
-2.0461538461538566 0.0011127657137264269 0.031681094437816526 2.9852712484021384 0.000946745562130608 0.9950904161340461 -0.00020031150930521768
-1.0076923076923094 0.031681094437816526 0.008754847894749007 2.9852712484021384 0.000532544378698467 0.9950904161340461 9.383779289495742e-05
0.007692307692309441 0.008754847894749007 -0.006529316467296042 2.9852712484021384 0.000236686390532652 0.9950904161340461 0.0
1.0076923076923094 -0.006529316467296042 0.0011127657137264269 2.9852712484021384 5.9171597633163e-05 0.9950904161340461 -0.00016838185884737733
2.015384615384619 0.0011127657137264269 0.0011127657137264269 2.9852712484021384 0.0 0.9950904161340461 -0.0002569752587076035
3.0230769230769283 0.0011127657137264269 0.016396930075771587 2.9852712484021384 0.000236686390532652 0.9950904161340461 -0.0001909551469501114
4.046153846153857 0.016396930075771587 0.024039012256765746 2.9852712484021384 5.9171597632725744e-05 0.9950904161340461 0.00010300702800258854
5.076923076923066 0.024039012256765746 0.031681094437816526 2.9852712484021384 5.917159763360026e-05 0.9950904161340461 0.0005439316030766417
6.115384615384613 0.031681094437816526 0.008754847894749007 2.9852712484021384 0.000532544378698467 0.9950904161340461 0.0008231960430291618
7.130769230769232 0.008754847894749007 0.0011127657137264269 2.9852712484021384 5.9171597633163e-05 0.9950904161340461 0.0007911919069416573
8.138461538461542 0.0011127657137264269 -0.029455563010363672 2.9852712484021384 0.000946745562130608 0.9950904161340461 0.00037772374452482715
9.115384615384613 -0.029455563010363672 -0.029455563010363672 2.9852712484021384 0.0 0.9950904161340461 -0.0003331583418846318
10.092307692307685 -0.029455563010363672 -0.006529316467296042 2.9852712484021384 0.000532544378698467 0.9950904161340461 -0.0008005603211351797
11.092307692307685 -0.006529316467296042 -0.006529316467296042 2.9852712484021384 0.0 0.9950904161340461 -0.0010293517953701148
12.092307692307685 -0.006529316467296042 0.0011127657137264269 2.9852712484021384 5.9171597633163e-05 0.9950904161340461 -0.0011771466183101431
13.099999999999994 0.0011127657137264269 0.016396930075771587 2.9852712484021384 0.000236686390532652 0.9950904161340461 -0.0010927230793607023
14.123076923076923 0.016396930075771587 0.008754847894749007 2.9852712484021384 5.9171597633163e-05 0.9950904161340461 -0.0009335671893799802
15.138461538461542 0.008754847894749007 0.039323176618839106 2.9852712484021384 0.000946745562130608 0.9950904161340461 -0.0005483319517680663
16.184615384615398 0.039323176618839106 0.04696525879983349 2.9852712484021384 5.9171597632725744e-05 0.9950904161340461 0.00021130269014224545
17.238461538461536 0.04696525879983349 0.04696525879986169 2.9852712484021384 8.077935669463161e-28 0.9950904161340461 0.0010321654610248032
18.292307692307702 0.04696525879986169 0.04696525879983349 2.9852712484021384 8.077935669463161e-28 0.9950904161340461 0.0018366109764895722
19.34615384615384 0.04696525879983349 0.031681094437816526 2.9852712484021384 0.0002366863905317775 0.9950904161340461 0.002472125938024483
20.384615384615387 0.031681094437816526 0.031681094437816526 2.9852712484021384 0.0 0.9950904161340461 0.002942088956708666
21.423076923076934 0.031681094437816526 0.031681094437788326 2.9852712484021384 8.077935669463161e-28 0.9950904161340461 0.003402652715018828
22.461538461538453 0.031681094437788326 0.031681094437816526 2.9852712484021384 8.077935669463161e-28 0.9950904161340461 0.003854005198162813
23.5 0.031681094437816526 0.024039012256794168 2.9852712484021384 5.9171597633163e-05 0.9950904161340461 0.004219909809833888
24.530769230769238 0.024039012256794168 0.031681094437788326 2.9852712484021384 5.9171597632725744e-05 0.9950904161340461 0.004578496329271431
25.569230769230757 0.031681094437788326 0.039323176618839106 2.9852712484021384 5.917159763360026e-05 0.9950904161340461 0.00508275276194059
26.615384615384613 0.039323176618839106 0.031681094437816526 2.9852712484021384 5.9171597633163e-05 0.9950904161340461 0.005576924065956668
27.65384615384616 0.031681094437816526 0.024039012256794168 2.9852712484021384 5.9171597633163e-05 0.9950904161340461 0.005908370300272026
28.684615384615398 0.024039012256794168 0.024039012256765746 2.9852712484021384 8.077935669463161e-28 0.9950904161340461 0.0061567667880904065
29.715384615384608 0.024039012256765746 0.0011127657137264269 2.9852712484021384 0.0005325443786971553 0.9950904161340461 0.006170932880721791
30.723076923076917 0.0011127657137264269 0.016396930075771587 2.9852712484021384 0.000236686390532652 0.9950904161340461 0.006108394829690722
31.746153846153845 0.016396930075771587 0.031681094437816526 2.9852712484021384 0.000236686390532652 0.9950904161340461 0.006352790826921195
32.78461538461539 0.031681094437816526 0.024039012256765746 2.9852712484021384 5.917159763360026e-05 0.9950904161340461 0.006668719726016903
33.8153846153846 0.024039012256765746 0.05460734098088427 2.9852712484021384 0.0009467455621323571 0.9950904161340461 0.007207592512561423
34.87692307692308 0.05460734098088427 0.039323176618839106 2.9852712484021384 0.000236686390532652 0.9950904161340461 0.007888529486995699
35.923076923076934 0.039323176618839106 0.031681094437788326 2.9852712484021384 5.917159763360026e-05 0.9950904161340461 0.008326585256510421
36.96153846153845 0.031681094437788326 0.024039012256794168 2.9852712484021384 5.9171597632725744e-05 0.9950904161340461 0.008603038267014362
37.99230769230769 0.024039012256794168 0.024039012256794168 2.9852712484021384 0.0 0.9950904161340461 0.008797541395498376
39.02307692307693 0.024039012256794168 0.016396930075771587 2.9852712484021384 5.9171597633163e-05 0.9950904161340461 0.008911733639602293
40.04615384615386 0.016396930075771587 0.024039012256765746 2.9852712484021384 5.9171597632725744e-05 0.9950904161340461 0.009023642038823887
41.076923076923066 0.024039012256765746 0.0011127657137264269 2.9852712484021384 0.0005325443786971553 0.9950904161340461 0.008980470626440695
42.084615384615375 0.0011127657137264269 -0.014171398648318623 2.9852712484021384 0.000236686390532652 0.9950904161340461 0.008556058533254252
43.076923076923066 -0.014171398648318623 0.008754847894749007 2.9852712484021384 0.000532544378698467 0.9950904161340461 0.008216555503741674
44.092307692307685 0.008754847894749007 -0.006529316467296042 2.9852712484021384 0.000236686390532652 0.9950904161340461 0.007960263356629582
45.092307692307685 -0.006529316467296042 0.024039012256794168 2.9852712484021384 0.000946745562130608 0.9950904161340461 0.007861938696080317
46.12307692307692 0.024039012256794168 0.05460734098088427 2.9852712484021384 0.000946745562130608 0.9950904161340461 0.008376947103223786
47.1846153846154 0.05460734098088427 0.03932317661881091 2.9852712484021384 0.00023668639053352653 0.9950904161340461 0.009034496985844687
48.230769230769226 0.03932317661881091 0.05460734098088427 2.9852712484021384 0.00023668639053352653 0.9950904161340461 0.009678895870813164
49.2923076923077 0.05460734098088427 0.069891505342901 2.9852712484021384 0.0002366863905317775 0.9950904161340461 0.010616090065323158
50.36923076923077 0.069891505342901 0.031681094437816526 2.9852712484021384 0.0014792899408268888 0.9950904161340461 0.011305277910512057
51.407692307692315 0.031681094437816526 0.04696525879983349 2.9852712484021384 0.0002366863905317775 0.9950904161340461 0.011751419533366558
52.46153846153845 0.04696525879983349 0.039323176618839106 2.9852712484021384 5.9171597632725744e-05 0.9950904161340461 0.012265059145574186
53.50769230769231 0.039323176618839106 0.024039012256794168 2.9852712484021384 0.000236686390532652 0.9950904161340461 0.012539163500107309
54.53846153846155 0.024039012256794168 0.016396930075771587 2.9852712484021384 5.9171597633163e-05 0.9950904161340461 0.012578523302119171
55.561538461538476 0.016396930075771587 -0.006529316467296042 2.9852712484021384 0.000532544378698467 0.9950904161340461 0.012311412620849893
56.561538461538476 -0.006529316467296042 -0.006529316467296042 2.9852712484021384 0.0 0.9950904161340461 0.011820381687775328
57.561538461538476 -0.006529316467296042 -0.006529316467296042 2.9852712484021384 0.0 0.9950904161340461 0.011339171373362156
58.561538461538476 -0.006529316467296042 -0.006529316467296042 2.9852712484021384 0.0 0.9950904161340461 0.010867585265237345
59.561538461538476 -0.006529316467296042 0.016396930075743388 2.9852712484021384 0.0005325443786971553 0.9950904161340461 0.01063469334470546
60.584615384615375 0.016396930075743388 0.04696525879986169 2.9852712484021384 0.0009467455621323571 0.9950904161340461 0.010941405015255867
61.63846153846154 0.04696525879986169 -0.014171398648318623 2.9852712484021384 0.003786982248522432 0.9950904161340461 0.010936299165154484
62.63076923076923 -0.014171398648318623 -0.006529316467296042 2.9852712484021384 5.9171597633163e-05 0.9950904161340461 0.01039634967938352
63.63076923076923 -0.006529316467296042 0.016396930075771587 2.9852712484021384 0.000532544378698467 0.9950904161340461 0.010172882470568911
64.65384615384616 0.016396930075771587 0.0011127657137264269 2.9852712484021384 0.000236686390532652 0.9950904161340461 0.01003030542774086
65.66153846153847 0.0011127657137264269 -0.006529316467296042 2.9852712484021384 5.9171597633163e-05 0.9950904161340461 0.009661317460338603
66.66153846153847 -0.006529316467296042 -0.021813480829341203 2.9852712484021384 0.000236686390532652 0.9950904161340461 0.00907044678685387
67.64615384615385 -0.021813480829341203 -0.029455563010363672 2.9852712484021384 5.9171597633163e-05 0.9950904161340461 0.008262131061408162
68.62307692307692 -0.029455563010363672 -0.029455563010363672 2.9852712484021384 0.0 0.9950904161340461 0.00739356082866105
69.6 -0.029455563010363672 -0.0523818095534031 2.9852712484021384 0.0005325443786971553 0.9950904161340461 0.006313099535138367
70.55384615384617 -0.0523818095534031 -0.0523818095534313 2.9852712484021384 8.077935669463161e-28 0.9950904161340461 0.005024985002055615
71.50769230769231 -0.0523818095534313 -0.029455563010363672 2.9852712484021384 0.000532544378698467 0.9950904161340461 0.003991895225064823
72.48461538461538 -0.029455563010363672 -0.029455563010363672 2.9852712484021384 0.0 0.9950904161340461 0.003208729709044622
73.46153846153845 -0.029455563010363672 -0.04473972737238052 2.9852712484021384 0.0002366863905317775 0.9950904161340461 0.0022883858597246842
74.42307692307693 -0.04473972737238052 -0.029455563010363672 2.9852712484021384 0.0002366863905317775 0.9950904161340461 0.0013864488873911451
75.4 -0.029455563010363672 0.0011127657136982272 2.9852712484021384 0.000946745562128859 0.9950904161340461 0.0009610755853648456
76.40769230769229 0.0011127657136982272 0.016396930075771587 2.9852712484021384 0.00023668639053352653 0.9950904161340461 0.0010027346802405912
77.43076923076922 0.016396930075771587 0.008754847894749007 2.9852712484021384 5.9171597633163e-05 0.9950904161340461 0.0011199814150293363
78.44615384615383 0.008754847894749007 0.024039012256794168 2.9852712484021384 0.000236686390532652 0.9950904161340461 0.0013113040369325812
79.47692307692307 0.024039012256794168 0.024039012256794168 2.9852712484021384 0.0 0.9950904161340461 0.001651641850018093
80.50769230769231 0.024039012256794168 0.008754847894749007 2.9852712484021384 0.000236686390532652 0.9950904161340461 0.001832331263221576
81.52307692307693 0.008754847894749007 0.008754847894749007 2.9852712484021384 0.0 0.9950904161340461 0.0018565652445405867
82.53846153846155 0.008754847894749007 0.031681094437816526 2.9852712484021384 0.000532544378698467 0.9950904161340461 0.002109577011663699
83.5769230769231 0.031681094437816526 0.008754847894749007 2.9852712484021384 0.000532544378698467 0.9950904161340461 0.0023575285434445092
84.59230769230771 0.008754847894749007 0.024039012256794168 2.9852712484021384 0.000236686390532652 0.9950904161340461 0.0025241002227793796
85.62307692307695 0.024039012256794168 0.03168109443776013 2.9852712484021384 5.917159763228849e-05 0.9950904161340461 0.0029166029339575683
86.66153846153844 0.03168109443776013 0.024039012256794168 2.9852712484021384 5.917159763228849e-05 0.9950904161340461 0.003301255590912211
87.69230769230768 0.024039012256794168 0.024039012256794168 2.9852712484021384 0.0 0.9950904161340461 0.003601794372918299
88.72307692307692 0.024039012256794168 0.024039012256794168 2.9852712484021384 0.0 0.9950904161340461 0.0038963223792842783
89.75384615384615 0.024039012256794168 0.031681094437816526 2.9852712484021384 5.9171597633163e-05 0.9950904161340461 0.004261380647333057
90.7923076923077 0.031681094437816526 0.0011127657137264269 2.9852712484021384 0.000946745562130608 0.9950904161340461 0.004389875284590117
91.80000000000001 0.0011127657137264269 0.016396930075771587 2.9852712484021384 0.000236686390532652 0.9950904161340461 0.004362958385481619
92.82307692307694 0.016396930075771587 0.016396930075771587 2.9852712484021384 0.0 0.9950904161340461 0.004489421467975818
93.84615384615387 0.016396930075771587 -0.014171398648318623 2.9852712484021384 0.000946745562130608 0.9950904161340461 0.00430767200157911
94.83846153846156 -0.014171398648318623 -0.006529316467296042 2.9852712484021384 5.9171597633163e-05 0.9950904161340461 0.003900295059079628
95.83846153846156 -0.006529316467296042 0.0011127657137264269 2.9852712484021384 5.9171597633163e-05 0.9950904161340461 0.003653907299050685
96.84615384615387 0.0011127657137264269 0.0011127657137264269 2.9852712484021384 0.0 0.9950904161340461 0.0034888681160325508
97.85384615384618 0.0011127657137264269 0.024039012256737546 2.9852712484021384 0.0005325443786958435 0.9950904161340461 0.003556392182104906
98.88461538461536 0.024039012256737546 0.039323176618839106 2.9852712484021384 0.00023668639053440105 0.9950904161340461 0.004004669875906863
99.93076923076922 0.039323176618839106 0.04696525879986169 2.9852712484021384 5.9171597633163e-05 0.9950904161340461 0.0046732444812640495
100.98461538461538 0.04696525879986169 0.04696525879986169 2.9852712484021384 0.0 0.9950904161340461 0.005404868416324371
102.03846153846155 0.04696525879986169 0.05460734098088427 2.9852712484021384 5.9171597633163e-05 0.9950904161340461 0.006198280694493574
103.10000000000002 0.05460734098088427 0.024039012256737546 2.9852712484021384 0.0009467455621341061 0.9950904161340461 0.006746562261668254
104.1307692307692 0.024039012256737546 0.024039012256794168 2.9852712484021384 3.2311742677852644e-27 0.9950904161340461 0.006978194910258528
105.16153846153844 0.024039012256794168 0.016396930075771587 2.9852712484021384 5.9171597633163e-05 0.9950904161340461 0.007128774084067313
106.18461538461537 0.016396930075771587 -0.006529316467296042 2.9852712484021384 0.000532544378698467 0.9950904161340461 0.0069706583871591565
107.18461538461537 -0.006529316467296042 0.008754847894749007 2.9852712484021384 0.000236686390532652 0.9950904161340461 0.006739284182378791
108.19999999999999 0.008754847894749007 0.008754847894749007 2.9852712484021384 0.0 0.9950904161340461 0.006665379105314617
109.21538461538461 0.008754847894749007 0.0011127657137264269 2.9852712484021384 5.9171597633163e-05 0.9950904161340461 0.006516531307981355
110.22307692307692 0.0011127657137264269 0.016396930075771587 2.9852712484021384 0.000236686390532652 0.9950904161340461 0.006447081288404988
111.24615384615385 0.016396930075771587 0.016396930075771587 2.9852712484021384 0.0 0.9950904161340461 0.00653186191284072
112.26923076923077 0.016396930075771587 0.008754847894749007 2.9852712484021384 5.9171597633163e-05 0.9950904161340461 0.006538526102977338
113.28461538461539 0.008754847894749007 0.016396930075771587 2.9852712484021384 5.9171597633163e-05 0.9950904161340461 0.006545057009311295
114.30769230769232 0.016396930075771587 0.024039012256794168 2.9852712484021384 5.9171597633163e-05 0.9950904161340461 0.0067042989411389975
115.33846153846156 0.024039012256794168 0.016396930075771587 2.9852712484021384 5.9171597633163e-05 0.9950904161340461 0.006860356034330106
116.36153846153849 0.016396930075771587 0.0011127657137264269 2.9852712484021384 0.000236686390532652 0.9950904161340461 0.006784029520226831
117.3692307692308 0.0011127657137264269 0.008754847894692608 2.9852712484021384 5.917159763228849e-05 0.9950904161340461 0.006632808714594818
118.38461538461536 0.008754847894692608 0.016396930075771587 2.9852712484021384 5.917159763403752e-05 0.9950904161340461 0.00663745396869575
119.40769230769229 0.016396930075771587 0.008754847894749007 2.9852712484021384 5.9171597633163e-05 0.9950904161340461 0.006642006317715277
120.4230769230769 0.008754847894749007 0.008754847894749007 2.9852712484021384 0.0 0.9950904161340461 0.006570046797944373
121.43846153846152 0.008754847894749007 0.024039012256794168 2.9852712484021384 0.000236686390532652 0.9950904161340461 0.0066523681121892775
122.46923076923076 0.024039012256794168 0.031681094437816526 2.9852712484021384 5.9171597633163e-05 0.9950904161340461 0.006962305465579854
123.50769230769231 0.031681094437816526 0.016396930075771587 2.9852712484021384 0.000236686390532652 0.9950904161340461 0.007189623250092536
124.53076923076924 0.016396930075771587 0.0011127657137264269 2.9852712484021384 0.000236686390532652 0.9950904161340461 0.00710671139167407
125.53846153846155 0.0011127657137264269 0.008754847894749007 2.9852712484021384 5.9171597633163e-05 0.9950904161340461 0.006949036948613596
126.55384615384617 0.008754847894749007 -0.021813480829341203 2.9852712484021384 0.000946745562130608 0.9950904161340461 0.006565253528983739
127.53846153846155 -0.021813480829341203 -0.014171398648318623 2.9852712484021384 5.9171597633163e-05 0.9950904161340461 0.0059598833123157835
128.53076923076924 -0.014171398648318623 0.0011127657137264269 2.9852712484021384 0.000236686390532652 0.9950904161340461 0.0055958829654119135
129.53846153846155 0.0011127657137264269 -0.014171398648318623 2.9852712484021384 0.000236686390532652 0.9950904161340461 0.005239162625446214
130.53076923076924 -0.014171398648318623 -0.006529316467296042 2.9852712484021384 5.9171597633163e-05 0.9950904161340461 0.004813155870469377
131.53076923076924 -0.006529316467296042 -0.014171398648318623 2.9852712484021384 5.9171597633163e-05 0.9950904161340461 0.004395669250592205
132.52307692307693 -0.014171398648318623 -0.021813480829341203 2.9852712484021384 5.9171597633163e-05 0.9950904161340461 0.0038336907194920222
133.5076923076923 -0.021813480829341203 -0.014171398648318623 2.9852712484021384 5.9171597633163e-05 0.9950904161340461 0.00328295175901383
134.5 -0.014171398648318623 -0.014171398648318623 2.9852712484021384 0.0 0.9950904161340461 0.0028196483995555077
135.4923076923077 -0.014171398648318623 -0.021813480829341203 2.9852712484021384 5.9171597633163e-05 0.9950904161340461 0.002289190285476028
136.47692307692307 -0.021813480829341203 -0.021813480829341203 2.9852712484021384 0.0 0.9950904161340461 0.0016929205118680901
137.46153846153845 -0.021813480829341203 -0.006529316467296042 2.9852712484021384 0.000236686390532652 0.9950904161340461 0.0012614177773526691
138.46153846153845 -0.006529316467296042 -0.014171398648318623 2.9852712484021384 5.9171597633163e-05 0.9950904161340461 0.0009149659193377069
139.45384615384614 -0.014171398648318623 -0.021813480829341203 2.9852712484021384 5.9171597633163e-05 0.9950904161340461 0.0004226014548627255
140.43846153846152 -0.021813480829341203 -0.014171398648318623 2.9852712484021384 5.9171597633163e-05 0.9950904161340461 -5.991572032293391e-05
141.43076923076922 -0.014171398648318623 -0.014171398648318623 2.9852712484021384 0.0 0.9950904161340461 -0.0004563617301944767
142.4230769230769 -0.014171398648318623 -0.03709764519138625 2.9852712484021384 0.000532544378698467 0.9950904161340461 -0.0010741412852992571
143.39230769230767 -0.03709764519138625 -0.021813480829341203 2.9852712484021384 0.000236686390532652 0.9950904161340461 -0.00175598607111227
144.37692307692305 -0.021813480829341203 -0.021813480829284693 2.9852712484021384 3.2311742677852644e-27 0.9950904161340461 -0.0022713523175879047
145.3615384615385 -0.021813480829284693 -0.021813480829341203 2.9852712484021384 3.2311742677852644e-27 0.9950904161340461 -0.002776411239133969
146.34615384615387 -0.021813480829341203 -0.029455563010363672 2.9852712484021384 5.9171597633163e-05 0.9950904161340461 -0.0033477898040599197
147.32307692307694 -0.029455563010363672 -0.021813480829341203 2.9852712484021384 5.9171597633163e-05 0.9950904161340461 -0.00390774079768752
148.30769230769232 -0.021813480829341203 -0.03709764519138625 2.9852712484021384 0.000236686390532652 0.9950904161340461 -0.0045329135932528075
149.27692307692308 -0.03709764519138625 -0.04473972737240872 2.9852712484021384 5.9171597633163e-05 0.9950904161340461 -0.0053748453983373246
150.23846153846154 -0.04473972737240872 -0.04473972737240872 2.9852712484021384 0.0 0.9950904161340461 -0.006276359389130404
151.2 -0.04473972737240872 -0.03709764519138625 2.9852712484021384 5.9171597633163e-05 0.9950904161340461 -0.007083422278297502
152.16923076923075 -0.03709764519138625 -0.05238180955337479 2.9852712484021384 0.00023668639053090298 0.9950904161340461 -0.007950764731490811
153.12307692307695 -0.05238180955337479 -0.04473972737240872 2.9852712484021384 5.917159763228849e-05 0.9950904161340461 -0.008877181157430525
154.0846153846154 -0.04473972737240872 -0.03709764519138625 2.9852712484021384 5.9171597633163e-05 0.9950904161340461 -0.009632227611231614
155.05384615384617 -0.03709764519138625 -0.04473972737240872 2.9852712484021384 5.9171597633163e-05 0.9950904161340461 -0.01037217313595662
156.01538461538462 -0.04473972737240872 -0.029455563010363672 2.9852712484021384 0.000236686390532652 0.9950904161340461 -0.011020898928376877
156.9923076923077 -0.029455563010363672 -0.029455563010363672 2.9852712484021384 0.0 0.9950904161340461 -0.011503808561328377
157.96923076923076 -0.029455563010363672 -0.04473972737240872 2.9852712484021384 0.000236686390532652 0.9950904161340461 -0.012129901645241192
158.93076923076922 -0.04473972737240872 -0.029455563010363672 2.9852712484021384 0.000236686390532652 0.9950904161340461 -0.012743472867475791
159.9076923076923 -0.029455563010363672 -0.029455563010363672 2.9852712484021384 0.0 0.9950904161340461 -0.013191931021645287
160.88461538461536 -0.029455563010363672 -0.03709764519132974 2.9852712484021384 5.917159763228849e-05 0.9950904161340461 -0.013707840834541019
161.85384615384618 -0.03709764519132974 -0.014171398648318623 2.9852712484021384 0.0005325443786958435 0.9950904161340461 -0.014060590807558393
162.84615384615387 -0.014171398648318623 -0.014171398648318623 2.9852712484021384 0.0 0.9950904161340461 -0.014177023315685267
163.83846153846156 -0.014171398648318623 -0.03709764519138625 2.9852712484021384 0.000532544378698467 0.9950904161340461 -0.014520389639080311
164.80769230769232 -0.03709764519138625 -0.021813480829341203 2.9852712484021384 0.000236686390532652 0.9950904161340461 -0.014933309457817678
165.7923076923077 -0.021813480829341203 -0.006529316467296042 2.9852712484021384 0.000236686390532652 0.9950904161340461 -0.015032287592939286
166.7923076923077 -0.006529316467296042 -0.029455563010363672 2.9852712484021384 0.000532544378698467 0.9950904161340461 -0.015205706987168721
167.76923076923077 -0.029455563010363672 -0.029455563010363672 2.9852712484021384 0.0 0.9950904161340461 -0.015604920458944349
168.74615384615385 -0.029455563010363672 -0.021813480829341203 2.9852712484021384 5.9171597633163e-05 0.9950904161340461 -0.015919728839474234
169.73076923076923 -0.021813480829341203 -0.04473972737240872 2.9852712484021384 0.000532544378698467 0.9950904161340461 -0.016381082696013904
170.69230769230768 -0.04473972737240872 -0.029455563010363672 2.9852712484021384 0.000236686390532652 0.9950904161340461 -0.016909630297233025
171.66923076923075 -0.029455563010363672 -0.029455563010363672 2.9852712484021384 0.0 0.9950904161340461 -0.01727476530280736
172.64615384615382 -0.029455563010363672 -0.021813480829341203 2.9852712484021384 5.9171597633163e-05 0.9950904161340461 -0.01755617678645993
173.6307692307692 -0.021813480829341203 -0.021813480829284693 2.9852712484021384 3.2311742677852644e-27 0.9950904161340461 -0.017755539218628713
174.61538461538464 -0.021813480829284693 0.0011127657137264269 2.9852712484021384 0.0005325443786958435 0.9950904161340461 -0.01772165193672348
175.62307692307695 0.0011127657137264269 -0.006529316467296042 2.9852712484021384 5.9171597633163e-05 0.9950904161340461 -0.017535600756836356
176.62307692307695 -0.006529316467296042 -0.03709764519138625 2.9852712484021384 0.000946745562130608 0.9950904161340461 -0.017735374709598184
177.5923076923077 -0.03709764519138625 -0.021813480829341203 2.9852712484021384 0.000236686390532652 0.9950904161340461 -0.01808399482692513
178.5769230769231 -0.021813480829341203 -0.006529316467296042 2.9852712484021384 0.000236686390532652 0.9950904161340461 -0.018119959254664586
179.5769230769231 -0.006529316467296042 -0.006529316467296042 2.9852712484021384 0.0 0.9950904161340461 -0.01800236275022893
180.5769230769231 -0.006529316467296042 0.008754847894749007 2.9852712484021384 0.000236686390532652 0.9950904161340461 -0.01773427653226145
181.5923076923077 0.008754847894749007 0.0011127657137264269 2.9852712484021384 5.9171597633163e-05 0.9950904161340461 -0.017395131216843218
182.60000000000002 0.0011127657137264269 -0.014171398648318623 2.9852712484021384 0.000236686390532652 0.9950904161340461 -0.01729203127316392
183.5923076923077 -0.014171398648318623 -0.014171398648318623 2.9852712484021384 0.0 0.9950904161340461 -0.017343834971978667
184.5846153846154 -0.014171398648318623 -0.014171398648318623 2.9852712484021384 0.0 0.9950904161340461 -0.017394602596817133
185.5769230769231 -0.014171398648318623 -0.04473972737240872 2.9852712484021384 0.000946745562130608 0.9950904161340461 -0.01775003815639975
186.53846153846155 -0.04473972737240872 -0.029455563010363672 2.9852712484021384 0.000236686390532652 0.9950904161340461 -0.018251206648411178
187.51538461538462 -0.029455563010363672 -0.029455563010363672 2.9852712484021384 0.0 0.9950904161340461 -0.018589510126961972
188.4923076923077 -0.029455563010363672 -0.03709764519138625 2.9852712484021384 5.9171597633163e-05 0.9950904161340461 -0.018997468357751846
189.46153846153845 -0.03709764519138625 -0.03709764519138625 2.9852712484021384 0.0 0.9950904161340461 -0.019473688245736254
190.43076923076922 -0.03709764519138625 -0.021813480829341203 2.9852712484021384 0.000236686390532652 0.9950904161340461 -0.01978754209234057
191.4153846153846 -0.021813480829341203 -0.021813480829341203 2.9852712484021384 0.0 0.9950904161340461 -0.019942277218392257
192.39999999999998 -0.021813480829341203 -0.014171398648318623 2.9852712484021384 5.9171597633163e-05 0.9950904161340461 -0.020017496820112668
193.39230769230767 -0.014171398648318623 -0.006529316467296042 2.9852712484021384 5.9171597633163e-05 0.9950904161340461 -0.019938370386178295
194.39230769230767 -0.006529316467296042 0.0011127657137264269 2.9852712484021384 5.9171597633163e-05 0.9950904161340461 -0.019707984837302073
195.39999999999998 0.0011127657137264269 0.008754847894749007 2.9852712484021384 5.9171597633163e-05 0.9950904161340461 -0.019329365355783
196.4153846153846 0.008754847894749007 0.016396930075771587 2.9852712484021384 5.9171597633163e-05 0.9950904161340461 -0.018805476620273764
197.43846153846152 0.016396930075771587 -0.006529316467296042 2.9852712484021384 0.000532544378698467 0.9950904161340461 -0.018444907303095226
198.43846153846152 -0.006529316467296042 -0.014171398648318623 2.9852712484021384 5.9171597633163e-05 0.9950904161340461 -0.018397232659501217
199.43076923076922 -0.014171398648318623 -0.029455563010363672 2.9852712484021384 0.000236686390532652 0.9950904161340461 -0.018579773974209735
200.4076923076923 -0.029455563010363672 -0.03709764519138625 2.9852712484021384 5.9171597633163e-05 0.9950904161340461 -0.018987926928054732
201.37692307692305 -0.03709764519138625 -0.04473972737235232 2.9852712484021384 5.917159763228849e-05 0.9950904161340461 -0.019540758466442765
202.33846153846156 -0.04473972737235232 -0.04473972737240872 2.9852712484021384 3.2311742677852644e-27 0.9950904161340461 -0.020158954195873102
203.3 -0.04473972737240872 -0.03709764519138625 2.9852712484021384 5.9171597633163e-05 0.9950904161340461 -0.020688365188905267
204.26923076923077 -0.03709764519138625 -0.0523818095534313 2.9852712484021384 0.000236686390532652 0.9950904161340461 -0.02128360878388702
205.22307692307692 -0.0523818095534313 -0.03709764519138625 2.9852712484021384 0.000236686390532652 0.9950904161340461 -0.021866947506969048
206.19230769230768 -0.03709764519138625 -0.03709764519138625 2.9852712484021384 0.0 0.9950904161340461 -0.022285777811969054
207.16153846153844 -0.03709764519138625 -0.03709764519138625 2.9852712484021384 0.0 0.9950904161340461 -0.02269623151086908
208.1307692307692 -0.03709764519138625 -0.021813480829284693 2.9852712484021384 0.00023668639053440105 0.9950904161340461 -0.02294563449217002
209.11538461538464 -0.021813480829284693 -0.021813480829341203 2.9852712484021384 3.2311742677852644e-27 0.9950904161340461 -0.023037207770224555
210.10000000000002 -0.021813480829341203 -0.021813480829341203 2.9852712484021384 0.0 0.9950904161340461 -0.023126949582718548
211.0846153846154 -0.021813480829341203 -0.006529316467296042 2.9852712484021384 0.000236686390532652 0.9950904161340461 -0.02306205491534219
212.0846153846154 -0.006529316467296042 0.0011127657137264269 2.9852712484021384 5.9171597633163e-05 0.9950904161340461 -0.02276919567588276
213.0923076923077 0.0011127657137264269 -0.006529316467296042 2.9852712484021384 5.9171597633163e-05 0.9950904161340461 -0.02248219362121251
214.0923076923077 -0.006529316467296042 -0.006529316467296042 2.9852712484021384 0.0 0.9950904161340461 -0.02227735242944584
215.0923076923077 -0.006529316467296042 0.016396930075771587 2.9852712484021384 0.000532544378698467 0.9950904161340461 -0.021847345596083922
216.11538461538464 0.016396930075771587 0.0011127657137264269 2.9852712484021384 0.000236686390532652 0.9950904161340461 -0.02134951807757901
217.12307692307695 0.0011127657137264269 -0.006529316467296042 2.9852712484021384 5.9171597633163e-05 0.9950904161340461 -0.021090909574874805
218.12307692307695 -0.006529316467296042 -0.014171398648318623 2.9852712484021384 5.9171597633163e-05 0.9950904161340461 -0.02099031488584513
219.11538461538464 -0.014171398648318623 -0.021813480829341203 2.9852712484021384 5.9171597633163e-05 0.9950904161340461 -0.021044573734216532
220.10000000000002 -0.021813480829341203 -0.04473972737240872 2.9852712484021384 0.000532544378698467 0.9950904161340461 -0.021403430692861325
221.06153846153848 -0.04473972737240872 -0.04473972737240872 2.9852712484021384 0.0 0.9950904161340461 -0.02198437297776401
222.02307692307693 -0.04473972737240872 -0.04473972737240872 2.9852712484021384 0.0 0.9950904161340461 -0.022553696416968583
222.98461538461538 -0.04473972737240872 -0.04473972737240872 2.9852712484021384 0.0 0.9950904161340461 -0.023111633387389086
223.94615384615383 -0.04473972737240872 -0.03709764519138625 2.9852712484021384 5.9171597633163e-05 0.9950904161340461 -0.023581990796590957
224.9153846153846 -0.03709764519138625 -0.021813480829341203 2.9852712484021384 0.000236686390532652 0.9950904161340461 -0.02381367859217809
225.89999999999998 -0.021813480829341203 -0.014171398648318623 2.9852712484021384 5.9171597633163e-05 0.9950904161340461 -0.02381147016642282
226.89230769230767 -0.014171398648318623 -0.006529316467296042 2.9852712484021384 5.9171597633163e-05 0.9950904161340461 -0.023656464265562227
227.89230769230767 -0.006529316467296042 0.0011127657137264269 2.9852712484021384 5.9171597633163e-05 0.9950904161340461 -0.023351716839098313
228.89999999999998 0.0011127657137264269 -0.014171398648318623 2.9852712484021384 0.000236686390532652 0.9950904161340461 -0.023129485182973974
229.89230769230767 -0.014171398648318623 -0.029455563010307162 2.9852712484021384 0.00023668639053090298 0.9950904161340461 -0.023217381447212415
230.8692307692308 -0.029455563010307162 -0.029455563010363672 2.9852712484021384 3.2311742677852644e-27 0.9950904161340461 -0.023456361429786465
231.84615384615387 -0.029455563010363672 -0.029455563010363672 2.9852712484021384 0.0 0.9950904161340461 -0.023690561812709676
232.82307692307694 -0.029455563010363672 -0.029455563010363672 2.9852712484021384 0.0 0.9950904161340461 -0.02392007818797448
233.8 -0.029455563010363672 -0.021813480829341203 2.9852712484021384 5.9171597633163e-05 0.9950904161340461 -0.024068583413923705
234.7846153846154 -0.021813480829341203 0.008754847894749007 2.9852712484021384 0.000946745562130608 0.9950904161340461 -0.023832014426302894
235.8 0.008754847894749007 0.0011127657137264269 2.9852712484021384 5.9171597633163e-05 0.9950904161340461 -0.023370914353003758
236.80769230769232 0.0011127657137264269 0.016396930075771587 2.9852712484021384 0.000236686390532652 0.9950904161340461 -0.022842615459360394
237.83076923076925 0.016396930075771587 0.016396930075771587 2.9852712484021384 0.0 0.9950904161340461 -0.02217204089996938
238.85384615384618 0.016396930075771587 0.0011127657137264269 2.9852712484021384 0.000236686390532652 0.9950904161340461 -0.021667719475386704
239.8615384615385 0.0011127657137264269 0.008754847894692608 2.9852712484021384 5.917159763228849e-05 0.9950904161340461 -0.021249905301106486
240.87692307692305 0.008754847894692608 0.0011127657137264269 2.9852712484021384 5.917159763228849e-05 0.9950904161340461 -0.02084044741031188
241.88461538461536 0.0011127657137264269 -0.029455563010307162 2.9852712484021384 0.00094674556212711 0.9950904161340461 -0.020821282786383066
242.8615384615385 -0.029455563010307162 -0.029455563010363672 2.9852712484021384 3.2311742677852644e-27 0.9950904161340461 -0.021108184742173797
243.83846153846156 -0.029455563010363672 -0.021813480829341203 2.9852712484021384 5.9171597633163e-05 0.9950904161340461 -0.021312927837039086
244.82307692307694 -0.021813480829341203 -0.029455563010363672 2.9852712484021384 5.9171597633163e-05 0.9950904161340461 -0.021513576070007034
245.8 -0.029455563010363672 -0.006529316467296042 2.9852712484021384 0.000532544378698467 0.9950904161340461 -0.021557369694695128
246.8 -0.006529316467296042 -0.006529316467296042 2.9852712484021384 0.0 0.9950904161340461 -0.02137102498145882
247.8 -0.006529316467296042 -0.029455563010363672 2.9852712484021384 0.000532544378698467 0.9950904161340461 -0.021417669627917912
248.77692307692308 -0.029455563010363672 -0.006529316467296042 2.9852712484021384 0.000532544378698467 0.9950904161340461 -0.021463381381447766
249.77692307692308 -0.006529316467296042 -0.006529316467296042 2.9852712484021384 0.0 0.9950904161340461 -0.021278916434476436
250.77692307692308 -0.006529316467296042 -0.021813480829341203 2.9852712484021384 0.000236686390532652 0.9950904161340461 -0.021250982430064957
251.76153846153846 -0.021813480829341203 0.0011127657137264269 2.9852712484021384 0.000532544378698467 0.9950904161340461 -0.02114718628393153
252.76923076923077 0.0011127657137264269 0.008754847894749007 2.9852712484021384 5.9171597633163e-05 0.9950904161340461 -0.020739782773479876
253.7846153846154 0.008754847894749007 0.0011127657137264269 2.9852712484021384 5.9171597633163e-05 0.9950904161340461 -0.020340527333237213
254.7923076923077 0.0011127657137264269 -0.006529316467296042 2.9852712484021384 5.9171597633163e-05 0.9950904161340461 -0.020102098645419786
255.7923076923077 -0.006529316467296042 -0.006529316467296042 2.9852712484021384 0.0 0.9950904161340461 -0.01994485935316903
256.7923076923077 -0.006529316467296042 -0.021813480829341203 2.9852712484021384 0.000236686390532652 0.9950904161340461 -0.019943606490383625
257.7769230769231 -0.021813480829341203 -0.029455563010363672 2.9852712484021384 5.9171597633163e-05 0.9950904161340461 -0.02017164115028469
258.75384615384615 -0.029455563010363672 -0.029455563010363672 2.9852712484021384 0.0 0.9950904161340461 -0.020471535938797913
259.7307692307692 -0.029455563010363672 -0.029455563010363672 2.9852712484021384 0.0 0.9950904161340461 -0.020765432831540975
260.7076923076923 -0.029455563010363672 -0.029455563010363672 2.9852712484021384 0.0 0.9950904161340461 -0.021053451786429145
261.68461538461537 -0.029455563010363672 -0.021813480829341203 2.9852712484021384 5.9171597633163e-05 0.9950904161340461 -0.021259289540409343
262.66923076923075 -0.021813480829341203 -0.021813480829341203 2.9852712484021384 0.0 0.9950904161340461 -0.02138458971749968
263.65384615384613 -0.021813480829341203 -0.014171398648318623 2.9852712484021384 5.9171597633163e-05 0.9950904161340461 -0.021430963069237974
264.6461538461538 -0.014171398648318623 -0.021813480829341203 2.9852712484021384 5.9171597633163e-05 0.9950904161340461 -0.021476408953941428
265.6307692307692 -0.021813480829341203 -0.006529316467296042 2.9852712484021384 0.000236686390532652 0.9950904161340461 -0.021444525099140632
266.6307692307692 -0.006529316467296042 -0.04473972737235232 2.9852712484021384 0.0014792899408247026 0.9950904161340461 -0.021642541386866054
267.5923076923077 -0.04473972737235232 -0.06766597391547635 2.9852712484021384 0.0005325443787010906 0.9950904161340461 -0.022447963923318714
268.53076923076924 -0.06766597391547635 -0.0523818095534313 2.9852712484021384 0.000236686390532652 0.9950904161340461 -0.023313698830853102
269.4846153846154 -0.0523818095534313 -0.029455563010363672 2.9852712484021384 0.000532544378698467 0.9950904161340461 -0.023780014931185756
270.46153846153845 -0.029455563010363672 0.0011127657137264269 2.9852712484021384 0.000946745562130608 0.9950904161340461 -0.023702058956840077
271.46923076923076 0.0011127657137264269 0.024039012256794168 2.9852712484021384 0.000532544378698467 0.9950904161340461 -0.023090716349309703
272.5 0.024039012256794168 0.008754847894749007 2.9852712484021384 0.000236686390532652 0.9950904161340461 -0.02241517977211971
273.5153846153846 0.008754847894749007 0.008754847894749007 2.9852712484021384 0.0 0.9950904161340461 -0.021905995570093983
274.53076923076924 0.008754847894749007 0.0011127657137264269 2.9852712484021384 5.9171597633163e-05 0.9950904161340461 -0.02148341587391911
275.53846153846155 0.0011127657137264269 -0.029455563010363672 2.9852712484021384 0.000946745562130608 0.9950904161340461 -0.021451391880718762
276.5153846153846 -0.029455563010363672 -0.021813480829341203 2.9852712484021384 5.9171597633163e-05 0.9950904161340461 -0.021649270832813095
277.5 -0.021813480829341203 -0.03709764519138625 2.9852712484021384 0.000236686390532652 0.9950904161340461 -0.021919613027675755
278.46923076923076 -0.03709764519138625 -0.04473972737240872 2.9852712484021384 5.9171597633163e-05 0.9950904161340461 -0.022413810844071902
279.4307692307692 -0.04473972737240872 -0.029455563010363672 2.9852712484021384 0.000236686390532652 0.9950904161340461 -0.022821703882329847
280.4076923076923 -0.029455563010363672 -0.021813480829341203 2.9852712484021384 5.9171597633163e-05 0.9950904161340461 -0.02299217659439201
281.39230769230767 -0.021813480829341203 -0.029455563010307162 2.9852712484021384 5.917159763228849e-05 0.9950904161340461 -0.023159239852212354
282.3692307692308 -0.029455563010307162 -0.03709764519138625 2.9852712484021384 5.917159763403752e-05 0.9950904161340461 -0.02347580348849676
283.33846153846156 -0.03709764519138625 -0.021813480829341203 2.9852712484021384 0.000236686390532652 0.9950904161340461 -0.023709615030245823
284.32307692307694 -0.021813480829341203 0.008754847894749007 2.9852712484021384 0.000946745562130608 0.9950904161340461 -0.023480225410298483
285.33846153846156 0.008754847894749007 -0.006529316467296042 2.9852712484021384 0.000236686390532652 0.9950904161340461 -0.02310258193912962
286.33846153846156 -0.006529316467296042 -0.006529316467296042 2.9852712484021384 0.0 0.9950904161340461 -0.02288533298100459
287.33846153846156 -0.006529316467296042 0.0011127657137264269 2.9852712484021384 5.9171597633163e-05 0.9950904161340461 -0.022596008180231886
288.34615384615387 0.0011127657137264269 0.008754847894749007 2.9852712484021384 5.9171597633163e-05 0.9950904161340461 -0.022159628231854245
